t,o,h,l,c,v,pot,pot_ask,pot_bid
2024-02-15,23560,23860,22850,22850,14255094,1,-2.9297,-2.9297
2024-02-16,23100,23180,22930,23180,9502568,1,-1.7481,-4.6778
2024-02-19,23270,23270,22850,23270,11864502,1,-0.8195,-5.4973
2024-02-20,23100,23310,22970,23140,7321603,1,-1.2316,-6.7289
2024-02-21,23100,23440,23020,23270,10257725,1,-0.8396,-7.5685
2024-02-22,23270,23310,23100,23230,7407861,1,-0.5005,-8.069
2024-02-23,23270,23860,22930,22930,25987605,1,1.4114,-6.6576
2024-02-26,22930,23270,22760,23100,9791428,1,0.2998,-6.3578
2024-02-27,23270,23270,22970,23180,12061563,1,-2.9008,-9.2586
2024-02-28,23230,23520,23140,23520,10465608,1,-0.1861,-9.4447
2024-02-29,23600,23730,23270,23520,9960379,1,-2.9846,-12.4293
2024-03-01,23520,23520,23140,23350,10201609,1,-0.8563,-13.2856
2024-03-04,23350,23690,23020,23350,13224034,1,-0.3866,-13.6722
2024-03-05,23350,23520,23140,23480,6339771,1,0.9245,-12.7477
2024-03-06,23520,23650,23140,23180,9799350,1,-1.9726,-14.7203
2024-03-07,23180,23270,23020,23100,10171157,1,-1.5993,-16.3196
2024-03-08,23100,23230,22680,22720,23024715,1,-12.2144,-28.534
2024-03-11,22720,22760,22390,22470,12023089,1,-4.0589,-32.5929
2024-03-12,22390,22550,22340,22470,8318885,1,-2.7157,-35.3086
2024-03-13,22470,23230,22470,23230,8940425,1,2.0129,-33.2957
2024-03-14,23180,23180,22720,22890,8232737,1,-2.4598,-35.7555
2024-03-15,22890,23020,22680,22970,7828640,1,-1.4133,-37.1688
2024-03-18,22850,22970,22430,22600,14127772,1,-3.8934,-41.0622
2024-03-19,22510,22720,22470,22550,7125247,1,-3.3944,-44.4566
2024-03-20,22550,23270,22510,23100,14010312,1,3.4686,-40.988
2024-03-21,23270,23520,23140,23520,12824070,1,2.0051,-38.9829
2024-03-22,23730,24320,23440,23650,22688584,1,-2.1776,-41.1605
2024-03-25,23560,23560,23100,23100,10196791,1,-4.2043,-45.3648
2024-03-26,23180,23480,22970,23480,6287467,1,0.4419,-44.9229
2024-03-27,23480,23560,23180,23520,5962845,1,-0.6422,-45.5651
2024-03-28,23770,24020,23690,23810,12429800,1,-0.5991,-46.1642
2024-03-29,23860,24070,23650,23940,13496333,1,-0.5029,-46.6671
2024-04-01,23690,23940,23600,23900,6180472,1,-0.2509,-46.918
2024-04-02,23770,23860,23440,23860,10414778,1,-1.6987,-48.6167
2024-04-03,23690,23860,23440,23520,10205483,1,-4.3097,-52.9264
2024-04-04,23560,23560,23140,23140,11161719,1,-1.8884,-54.8148
2024-04-05,22930,23020,22760,22810,12293515,1,-1.6358,-56.4506
2024-04-08,22810,22890,22640,22810,6874403,1,-0.8962,-57.3468
2024-04-09,22810,22930,22720,22930,5374934,1,0.9641,-56.3827
2024-04-10,23060,23180,22760,22760,5127160,1,-1.4138,-57.7965
2024-04-11,22680,22810,22600,22810,11290085,1,-2.3273,-60.1238
2024-04-12,22850,23520,22680,23520,9772642,1,0.8823,-59.2415
2024-04-15,23350,23520,22550,22550,16263243,1,-5.121,-64.3625
2024-04-16,22550,22810,22470,22810,17356891,1,0.4207,-63.9418
2024-04-17,22850,22890,22470,22470,10485319,1,-4.0421,-67.9839
2024-04-19,22340,22510,22220,22340,10866833,1,-1.411,-69.3949
2024-04-22,22600,22640,22430,22510,6317643,1,-1.1723,-70.5672
2024-04-23,22510,22640,22300,22390,8544832,1,-3.6582,-74.2254
2024-04-25,22680,22720,22470,22510,5144590,1,-1.9883,-76.2137
2024-04-26,22510,22680,22340,22550,5446804,1,0.9486,-75.2651
2024-05-02,22550,22810,22510,22680,4801959,1,0.4511,-74.814
2024-05-03,22760,23100,22760,23100,8722742,1,0.4395,-74.3745
2024-05-06,23100,23270,22970,23180,7449978,1,0.661,-73.7135
2024-05-07,23310,23350,23100,23230,4305048,1,-1.0937,-74.8072
2024-05-08,23100,23230,22930,23140,4040821,1,-1.6975,-76.5047
2024-05-09,23180,23350,23100,23180,4105414,1,0.1455,-76.3592
2024-05-10,23180,23270,23060,23270,4913057,1,-0.3794,-76.7386
2024-05-13,23520,23520,23230,23270,5555670,1,-0.2651,-77.0037
2024-05-14,23270,23440,23230,23310,4474265,1,-0.0436,-77.0473
2024-05-15,23390,23390,23270,23270,7807457,1,-0.9956,-78.0429
2024-05-16,23520,23860,23350,23730,30211993,1,1.0008,-77.0421
2024-05-17,23730,23860,23690,23730,8509864,1,-1.8619,-78.904
2024-05-20,23940,23980,23690,23730,9339952,1,-1.4541,-80.3581
2024-05-21,23730,23770,23390,23690,10828854,1,-3.405,-83.7631
2024-05-22,23690,23730,23440,23480,9288338,1,-2.3982,-86.1613
2024-05-23,23520,23940,23520,23900,10454272,1,0.8752,-85.2861
2024-05-24,23900,25370,23730,24570,33867112,1,6.37,-78.9161
2024-05-27,24780,25070,24570,24740,7541858,1,0.0813,-78.8348
2024-05-28,24950,24950,24610,24910,10694176,1,-1.2799,-80.1147
2024-05-29,24950,24990,24570,24570,13456310,1,-2.6824,-82.7971
2024-05-30,24490,24700,24230,24700,13118384,1,-0.6159,-83.413
2024-05-31,25000,25300,24650,24650,11139289,1,-1.7575,-85.1705
2024-06-03,24850,24950,24600,24800,16257238,1,-1.7856,-86.9561
2024-06-04,24800,24800,24450,24500,9735560,1,-3.2027,-90.1588
2024-06-05,24750,24750,24300,24350,10801981,1,-4.6013,-94.7601
2024-06-06,24400,24500,24300,24350,8033240,1,-1.6389,-96.399
2024-06-07,24550,24650,24300,24600,5892570,1,0.8787,-95.5203
2024-06-10,24600,24700,24300,24400,7679882,1,-2.4823,-98.0026
2024-06-11,24400,24450,24100,24150,9213280,1,-2.2995,-100.3021
2024-06-12,24150,24550,23900,24550,10400953,1,0.6689,-99.6332
2024-06-13,24550,24900,24400,24800,11727801,1,1.5254,-98.1078
2024-06-14,24700,24900,24600,24600,11049165,1,-0.7687,-98.8765
2024-06-17,24600,24600,24250,24550,6375848,1,-1.1192,-99.9957
2024-06-18,24700,24700,24400,24550,5729760,1,-0.2061,-100.2018
2024-06-19,24550,24700,24250,24650,7618993,1,-0.7273,-100.9291
2024-06-20,24550,24850,24400,24800,10178313,1,1.7625,-99.1666
2024-06-21,24850,24850,24500,24550,5126289,1,-1.384,-100.5506
2024-06-25,24000,24200,23900,24050,6708386,1,-1.1844,-101.735
2024-06-26,24000,24100,23600,24100,10145262,1,-3.7569,-105.4919
2024-06-27,24000,24100,23800,23950,4904878,1,-0.8137,-106.3056
2024-06-28,23800,24000,23750,23800,5755042,1,-0.9753,-107.2809
2024-07-01,23800,23850,23600,23800,3938961,1,-0.8563,-108.1372
2024-07-02,23800,24100,23700,24050,5701649,1,0.8138,-107.3234
2024-07-03,24150,24400,23950,24250,5854818,1,0.9474,-106.376
2024-07-04,24300,24350,23950,24150,6394551,1,-2.5694,-108.9454
2024-07-05,24150,24300,24000,24300,6357111,1,-0.9552,-109.9006
2024-07-08,24300,24350,24100,24250,4959392,1,-1.9122,-111.8128
2024-07-09,24150,24400,24050,24300,8004908,1,0.1812,-111.6316
2024-07-10,24500,24500,24250,24250,6484698,1,-0.3475,-111.9791
2024-07-11,24350,24350,24150,24150,5001133,1,-2.0369,-114.016
2024-07-12,24100,24150,23800,24000,7160694,1,-2.0976,-116.1136
2024-07-15,24000,24050,23900,23950,4490958,1,-2.3596,-118.4732
2024-07-16,24000,24300,23950,24100,7002765,1,1.2894,-117.1838
2024-07-17,24300,25200,24200,24500,28924392,1,7.5762,-109.6076
2024-07-18,24500,25100,24500,24800,10670220,1,-1.107,-110.7146
2024-07-19,24800,25300,24650,25100,17087130,1,1.0771,-109.6375
2024-07-22,25100,25200,24650,24750,15163392,1,-1.7221,-111.3596
2024-07-23,24800,24900,24000,24000,15116634,1,-5.7169,-117.0765
2024-07-24,24000,24400,23800,24200,12261810,1,-1.677,-118.7535
2024-07-25,24150,24150,23800,24050,7164193,1,-0.4922,-119.2457
2024-07-26,24100,24150,24000,24100,3447400,1,0.0427,-119.203
2024-07-29,24300,24300,24050,24150,4102600,1,-0.7248,-119.9278
2024-07-30,24000,24150,23950,24150,5489200,1,-1.3738,-121.3016
2024-07-31,24200,24550,24100,24550,8548700,1,-0.6555,-121.9571
2024-08-01,24500,24600,23950,23950,9174700,1,-2.9917,-124.9488
2024-08-02,23900,24000,23650,23950,13706000,1,-1.4225,-126.3713
2024-08-05,23600,23850,23150,23200,20086500,1,-7.0901,-133.4614
2024-08-06,23500,23650,23250,23500,8020900,1,1.1633,-132.2981
2024-08-07,23600,23600,23300,23400,4400300,1,-0.1364,-132.4345
2024-08-08,23250,23500,23250,23250,3649600,1,-0.8703,-133.3048
2024-08-09,23400,23600,23300,23600,3006900,1,0.7545,-132.5503
2024-08-12,23600,23800,23300,23800,4197300,1,-0.0824,-132.6327
