t,o,h,l,c,v,pot,pot_ask,pot_bid
2024-02-15,30750,31350,30750,31150,1800481,1,0.2478,0.2478
2024-02-16,31300,31400,30900,31200,1237209,1,-0.261,-0.0132
2024-02-19,31400,31900,31100,31350,1574417,1,-0.1188,-0.132
2024-02-20,31500,31500,30800,31100,967867,1,-0.3057,-0.4377
2024-02-21,31100,31100,30700,30700,1565963,1,-0.5706,-1.0083
2024-02-22,30800,31400,30650,31050,1671615,1,0.2038,-0.8045
2024-02-23,31200,32000,30950,31050,3666535,1,-0.4202,-1.2247
2024-02-26,31000,33200,31000,33200,5381579,1,0.927,-0.2977
2024-02-27,34000,34500,33300,34500,4342173,1,0.8901,0.5924
2024-02-28,34450,34450,33600,34000,2930167,1,-0.7304,-0.138
2024-02-29,34200,35050,33650,34600,3073804,1,0.5516,0.4136
2024-03-01,34950,34950,34200,34400,1665789,1,-0.4948,-0.0812
2024-03-04,34750,34850,33850,34250,2559182,1,-0.6375,-0.7187
2024-03-05,34250,35400,34050,34800,1893177,1,0.0574,-0.6613
2024-03-06,35000,35100,34050,34600,1864178,1,-0.4687,-1.13
2024-03-07,34550,35200,34400,35200,2175664,1,0.067,-1.063
2024-03-08,35400,35550,34300,34500,2902037,1,-0.7667,-1.8297
2024-03-11,34500,36350,34500,34950,2648332,1,-0.1586,-1.9883
2024-03-12,34900,35600,34250,35100,2103098,1,-0.0977,-2.086
2024-03-13,35500,36700,35150,35800,2665338,1,0.2175,-1.8685
2024-03-14,36100,36100,34750,35250,3341373,1,-1.7131,-3.5816
2024-03-15,35000,35600,34400,35100,2605252,1,-0.6122,-4.1938
2024-03-18,35300,35850,32650,33900,4108015,1,-1.2922,-5.486
2024-03-19,33900,34400,33600,33600,1341932,1,-0.4626,-5.9486
2024-03-20,33900,34200,33550,34000,1386206,1,-0.0278,-5.9764
2024-03-21,34500,35250,34000,34750,2001758,1,-0.0218,-5.9982
2024-03-22,35100,35250,34500,35050,2297001,1,-0.0634,-6.0616
2024-03-25,34850,35500,33800,34100,2332767,1,-0.7228,-6.7844
2024-03-26,33950,34850,33950,34600,1445291,1,-0.1359,-6.9203
2024-03-27,34900,35100,34550,34850,1771966,1,0.0703,-6.85
2024-03-28,35100,35600,35000,35300,3419644,1,-0.2317,-7.0817
2024-03-29,35300,35300,34700,34750,1261460,1,-0.529,-7.6107
2024-04-01,34800,34900,34000,34450,1940823,1,-0.6669,-8.2776
2024-04-02,34400,34450,33800,34450,1694125,1,-0.4362,-8.7138
2024-04-03,34650,35300,34500,34750,4143910,1,-1.0116,-9.7254
2024-04-04,34650,34750,34200,34450,1183113,1,-0.1996,-9.925
2024-04-05,34000,34800,33800,34000,1839543,1,-0.1104,-10.0354
2024-04-08,34000,34100,32350,32350,2232085,1,-0.9161,-10.9515
2024-04-09,32400,32950,32100,32400,1503363,1,-0.228,-11.1795
2024-04-10,32600,32900,32200,32200,919330,1,-0.3833,-11.5628
2024-04-11,31800,32100,31500,31750,1482948,1,-0.3352,-11.898
2024-04-12,32250,32500,32049,32299,820013,1,-0.0221,-11.9201
2024-04-15,32450,32850,30050,30050,2293729,1,-0.5995,-12.5196
2024-04-16,30050,30150,29000,30050,2121089,1,-0.4169,-12.9365
2024-04-17,30450,30450,29550,29550,877788,1,-0.2739,-13.2104
2024-04-19,29000,29700,28800,28800,1469358,1,-0.1316,-13.342
2024-04-22,29000,29500,28800,29000,1011527,1,-0.0537,-13.3957
2024-04-23,29100,29100,28150,28300,1006372,1,-0.2067,-13.6024
2024-04-25,29200,29200,28700,28900,855121,1,-0.265,-13.8674
2024-04-26,28500,29150,28500,28700,837729,1,0.0257,-13.8417
2024-05-02,28750,29200,28600,29200,653811,1,0.0646,-13.7771
2024-05-03,29400,29550,29150,29150,910171,1,-0.0909,-13.868
2024-05-06,29400,30500,29350,30300,1039936,1,0.1785,-13.6895
2024-05-07,30100,30400,29850,30200,900092,1,-0.3448,-14.0343
2024-05-08,30250,31300,29900,30700,1441347,1,-0.2654,-14.2997
2024-05-09,31100,32600,31000,31100,2705965,1,-0.827,-15.1267
2024-05-10,31100,31300,30350,30600,881799,1,-0.286,-15.4127
2024-05-13,30700,30850,30100,30350,819946,1,-0.2981,-15.7108
2024-05-14,30500,30900,30100,30800,875473,1,-0.209,-15.9198
2024-05-15,31000,31450,30500,30700,1158514,1,-0.3114,-16.2312
2024-05-16,31300,31300,30750,30800,1059015,1,-0.271,-16.5022
2024-05-17,30800,32000,30800,31250,1227046,1,-0.1968,-16.699
2024-05-20,31200,32200,31150,31900,2286887,1,0.2575,-16.4415
2024-05-21,31750,32400,31700,32200,2081908,1,-0.3752,-16.8167
2024-05-22,32299,32400,31750,31750,2412030,1,-1.5796,-18.3963
2024-05-23,31400,32299,31350,32299,1262206,1,0.0802,-18.3161
2024-05-24,32000,32600,30750,31500,2061450,1,-0.4039,-18.72
2024-05-27,31700,31700,31150,31500,373548,1,-0.0268,-18.7468
2024-05-28,32000,32000,31500,32000,681825,1,-0.1531,-18.8999
2024-05-29,32100,33300,32000,32500,4355265,1,-0.2467,-19.1466
2024-05-30,32200,32549,31700,32200,1342326,1,-0.0703,-19.2169
2024-05-31,32200,33850,32200,33800,4126052,1,1.2588,-17.9581
2024-06-03,34000,34500,33950,34000,2412510,1,-0.0012,-17.9593
2024-06-04,34500,34550,34000,34050,2916724,1,-0.7836,-18.7429
2024-06-05,34450,35000,33850,33850,2331471,1,-0.566,-19.3089
2024-06-06,34250,34800,33900,34150,2126196,1,0.0886,-19.2203
2024-06-07,34450,34800,33950,34750,1785682,1,0.1505,-19.0698
2024-06-10,35000,36200,34450,35500,3638078,1,0.3099,-18.7599
2024-06-11,35550,35800,34500,35100,2512810,1,-1.108,-19.8679
2024-06-12,35000,35450,34700,35400,1373465,1,0.0945,-19.7734
2024-06-13,35700,35700,34950,34950,1329583,1,-0.2512,-20.0246
2024-06-14,34900,34950,33000,33000,3407794,1,-1.3875,-21.4121
2024-06-17,33250,33550,32850,33550,2192181,1,-0.0352,-21.4473
2024-06-18,33800,34150,33650,33750,1326141,1,0.0657,-21.3816
2024-06-19,33900,34850,33800,34000,1936543,1,0.0655,-21.3161
2024-06-20,34000,34100,33100,33750,1215049,1,-0.4026,-21.7187
2024-06-21,33750,34200,33300,34000,1093218,1,-0.2728,-21.9915
2024-06-24,33950,33950,31800,31800,2753162,1,-1.3378,-23.3293
2024-06-25,31900,32700,31900,32650,1049103,1,0.0093,-23.32
2024-06-26,32600,32900,31950,32700,694077,1,-0.1323,-23.4523
2024-06-27,32700,33250,32650,32700,813945,1,-0.1505,-23.6028
2024-06-28,32900,32900,31800,32250,867950,1,-0.3816,-23.9844
2024-07-01,32250,32800,31950,32750,677728,1,-0.0344,-24.0188
2024-07-02,32950,33350,32800,33300,1279420,1,0.1389,-23.8799
2024-07-03,33450,33750,33300,33500,774308,1,-0.2421,-24.122
2024-07-04,33700,33700,33050,33400,630387,1,-0.2018,-24.3238
2024-07-05,33400,33850,33200,33550,1041721,1,0.086,-24.2378
2024-07-08,33850,33950,33500,33950,1438942,1,0.0903,-24.1475
2024-07-09,34050,35900,34050,35250,5772594,1,1.8148,-22.3327
2024-07-10,35500,35500,34650,34750,2870438,1,-0.9076,-23.2403
2024-07-11,35000,35350,34900,35250,2254397,1,-0.1485,-23.3888
2024-07-12,35450,37000,35050,35950,5325910,1,0.6509,-22.7379
2024-07-15,36350,36350,35400,35500,1743103,1,-0.598,-23.3359
2024-07-16,35800,35800,34500,34800,3191709,1,-1.0293,-24.3652
2024-07-17,34900,35400,33000,34550,3837238,1,-0.8423,-25.2075
2024-07-18,34800,35500,34500,35500,2562371,1,-0.0784,-25.2859
2024-07-19,35500,36400,35200,36000,4302396,1,0.1703,-25.1156
2024-07-22,36050,36350,34750,34850,4018240,1,-0.3765,-25.4921
2024-07-23,34700,35100,32600,33000,4291216,1,-1.5304,-27.0225
2024-07-24,33000,33800,32450,33600,2302605,1,0.0071,-27.0154
2024-07-25,33200,34050,33100,33650,891616,1,0.026,-26.9894
2024-07-26,33500,33750,33450,33750,1001000,1,-0.06,-27.0494
2024-07-29,33900,34200,33750,34150,1013500,1,-0.1198,-27.1692
2024-07-30,34150,34600,33500,33900,1388400,1,-0.3623,-27.5315
2024-07-31,34050,34050,33250,33900,973700,1,-0.2617,-27.7932
2024-08-01,33500,33850,31600,31600,2494000,1,-0.8721,-28.6653
2024-08-02,31150,32400,30200,32400,1365900,1,0.0783,-28.587
2024-08-05,31100,32049,30150,30150,1995400,1,-0.6106,-29.1976
2024-08-06,30650,31100,30100,30850,1104100,1,0.4015,-28.7961
2024-08-07,30850,31400,30850,31300,726800,1,0.0377,-28.7584
2024-08-08,31150,31800,31100,31300,1051500,1,-0.166,-28.9244
2024-08-09,31600,32000,31450,31700,711500,1,0.0108,-28.9136
2024-08-12,31900,31950,31500,31750,547000,1,0.0013,-28.9123
