t,o,h,l,c,v,pot,pot_ask,pot_bid
2024-02-15,9360,9550,9360,9500,1482734,1,-0.2729,-0.2729
2024-02-16,9500,9820,9500,9820,3932170,1,0.5698,0.2969
2024-02-19,9910,9910,9770,9910,2380505,1,-0.5042,-0.2073
2024-02-20,9910,9950,9820,9910,1952738,1,-0.3889,-0.5962
2024-02-21,9910,9910,9730,9820,1230488,1,-0.3062,-0.9024
2024-02-22,9770,10090,9770,10000,3494281,1,0.7451,-0.1573
2024-02-23,10000,10180,9640,9680,2716297,1,-0.8736,-1.0309
2024-02-26,9680,10320,9680,10320,7443104,1,0.3129,-0.718
2024-02-27,10590,10680,10180,10410,4233296,1,-0.1641,-0.8821
2024-02-28,10500,10500,10090,10270,2528511,1,-0.7678,-1.6499
2024-02-29,10360,10770,10140,10550,4809844,1,0.2139,-1.436
2024-03-01,10640,10640,10410,10640,2266994,1,-0.0606,-1.4966
2024-03-04,10820,10820,10360,10500,2846812,1,-0.8235,-2.3201
2024-03-05,10500,10730,10410,10550,2624598,1,-0.3894,-2.7095
2024-03-06,10450,10550,10230,10230,3287298,1,-1.2365,-3.946
2024-03-07,10230,10410,10230,10320,1898694,1,-0.3483,-4.2943
2024-03-08,10360,10410,10050,10090,2577783,1,-1.0935,-5.3878
2024-03-11,10180,10590,10140,10270,4129446,1,0.5727,-4.8151
2024-03-12,10270,10320,10180,10230,1486178,1,-0.3278,-5.1429
2024-03-13,10270,10590,10270,10410,2906710,1,0.2833,-4.8596
2024-03-14,10500,10730,10500,10640,6123675,1,-0.7127,-5.5723
2024-03-15,10730,10730,10360,10590,3150389,1,-0.7044,-6.2767
2024-03-18,10640,10820,10050,10270,6828689,1,-1.2478,-7.5245
2024-03-19,10320,10500,10140,10360,2103217,1,-0.1453,-7.6698
2024-03-20,10410,10410,10230,10410,1800699,1,-0.2356,-7.9054
2024-03-21,10500,11140,10360,11140,12477248,1,-3.3304,-11.2358
2024-03-22,11270,11320,11050,11180,3552193,1,-0.2578,-11.4936
2024-03-25,11180,11320,10820,10910,3956268,1,-1.5206,-13.0142
2024-03-26,10910,11640,10910,11640,10905707,1,-1.324,-14.3382
2024-03-27,12000,12000,11550,11640,3209386,1,-0.4352,-14.7734
2024-03-28,11680,12140,11640,12140,4839415,1,1.5033,-13.2701
2024-03-29,12140,12140,11770,11860,3171270,1,-0.3022,-13.5723
2024-04-01,11860,11860,11640,11730,3424958,1,-0.7301,-14.3024
2024-04-02,11730,12050,11550,12000,3462021,1,0.2791,-14.0233
2024-04-03,12000,12320,11730,11730,3721413,1,0.2029,-13.8204
2024-04-04,11640,11770,11360,11360,5604431,1,-2.2169,-16.0373
2024-04-05,11270,12140,11180,11820,8579230,1,2.2448,-13.7925
2024-04-08,11820,11910,11550,11590,2515263,1,-0.8373,-14.6298
2024-04-09,11640,11820,11450,11820,3010000,1,-0.2896,-14.9194
2024-04-10,11910,11910,11360,11640,4264277,1,-1.4249,-16.3443
2024-04-11,11360,11550,11360,11500,2592877,1,-0.5681,-16.9124
2024-04-12,11640,12000,11450,11820,4190819,1,0.6741,-16.2383
2024-04-15,11820,11820,11000,11000,4475139,1,-1.0264,-17.2647
2024-04-16,10730,10820,10270,10320,13099136,1,0.1411,-17.1236
2024-04-17,10450,10450,9910,9950,2700719,1,-1.3089,-18.4325
2024-04-19,9550,9910,9450,9550,4193255,1,-0.5426,-18.9751
2024-04-22,9640,9950,9640,9820,2182916,1,0.2837,-18.6914
2024-04-23,9860,9950,9730,9820,1980842,1,-0.3602,-19.0516
2024-04-25,10270,10270,10000,10180,1294132,1,-0.1379,-19.1895
2024-04-26,10050,10140,9910,10050,1354947,1,-0.0204,-19.2099
2024-05-02,10000,10140,9950,10050,808477,1,-0.0082,-19.2181
2024-05-03,10180,10230,10000,10000,1547014,1,-0.4339,-19.652
2024-05-06,10050,10270,10000,10230,4710961,1,-1.2004,-20.8524
2024-05-07,10180,10550,9950,10550,8497017,1,-1.8599,-22.7123
2024-05-08,10550,10730,10270,10410,4748999,1,-0.01,-22.7223
2024-05-09,10590,11000,10550,10680,8659489,1,-0.6344,-23.3567
2024-05-10,10680,10730,10450,10590,2157836,1,-0.0107,-23.3674
2024-05-13,10680,10680,10320,10500,3844936,1,-1.7551,-25.1225
2024-05-14,10450,10550,10270,10270,3600772,1,-1.7617,-26.8842
2024-05-15,10410,10590,10270,10450,3113242,1,0.5742,-26.31
2024-05-16,10590,10640,10450,10500,3268445,1,-0.0565,-26.3665
2024-05-17,10450,10820,10450,10640,4418994,1,0.9131,-25.4534
2024-05-20,10820,11140,10730,10770,5001513,1,-0.0404,-25.4938
2024-05-21,10770,11050,10590,11000,5461747,1,0.3874,-25.1064
2024-05-22,11090,11270,10730,10770,4662399,1,-1.4851,-26.5915
2024-05-23,10820,11000,10730,10910,3552732,1,-0.2119,-26.8034
2024-05-24,10820,11050,10360,10500,5648624,1,-1.8847,-28.6881
2024-05-27,10590,10680,10410,10550,1931803,1,-0.4413,-29.1294
2024-05-28,10730,10770,10590,10770,2642350,1,-0.0777,-29.2071
2024-05-29,10770,11230,10770,10950,7269759,1,0.3373,-28.8698
2024-05-30,10950,11230,10770,11180,5708511,1,-0.1366,-29.0064
2024-05-31,11270,11270,11000,11090,3482496,1,-0.1569,-29.1633
2024-06-03,11270,11270,11000,11050,3711449,1,-0.6382,-29.8015
2024-06-04,11140,11230,10950,11000,2863107,1,-0.9022,-30.7037
2024-06-05,11050,11140,10910,10950,3428077,1,-0.3488,-31.0525
2024-06-06,10950,11090,10820,10860,3467686,1,-1.5541,-32.6066
2024-06-07,11000,11000,10820,10910,2441421,1,-0.6021,-33.2087
2024-06-10,10950,11410,10910,11270,6527110,1,0.9375,-32.2712
2024-06-11,11320,11360,10910,10950,3109473,1,-1.1325,-33.4037
2024-06-12,10950,11090,10860,11050,3309527,1,-0.5556,-33.9593
2024-06-13,11090,11230,10950,10950,2787454,1,-0.5286,-34.4879
2024-06-14,10950,11090,10680,10680,3979887,1,-1.4276,-35.9155
2024-06-17,10680,10770,10550,10550,2371516,1,-0.6306,-36.5461
2024-06-18,10590,10730,10590,10590,1922425,1,-0.1222,-36.6683
2024-06-19,10640,11000,10640,10640,2432510,1,-0.075,-36.7433
2024-06-20,10680,10730,10410,10500,2908825,1,-0.8149,-37.5582
2024-06-21,10500,10640,10450,10450,2119496,1,-0.5933,-38.1515
2024-06-24,10450,10550,9950,9950,4777163,1,-1.0624,-39.2139
2024-06-25,10000,10140,9950,10090,1277786,1,-0.0801,-39.294
2024-06-26,10090,10230,10000,10140,1546828,1,-0.2959,-39.5899
2024-06-27,10180,10180,10090,10090,997584,1,0.154,-39.4359
2024-06-28,10180,10180,9910,9950,1394274,1,-0.5606,-39.9965
2024-07-01,10050,10090,9910,10090,858475,1,-0.1318,-40.1283
2024-07-02,10140,10230,10090,10230,959188,1,-0.1132,-40.2415
2024-07-03,10320,10360,10230,10320,713134,1,-0.0149,-40.2564
2024-07-04,10320,10410,10230,10270,981975,1,-0.1509,-40.4073
2024-07-05,10270,10360,10180,10320,1222266,1,-0.1112,-40.5185
2024-07-08,10450,10450,10270,10270,1209394,1,-0.1142,-40.6327
2024-07-09,10270,10590,10270,10360,1820221,1,0.1106,-40.5221
2024-07-10,10450,10450,10270,10270,1317295,1,-0.314,-40.8361
2024-07-11,10410,10550,10320,10500,2754151,1,0.268,-40.5681
2024-07-12,10500,10730,10360,10450,2863090,1,0.2405,-40.3276
2024-07-15,10700,10700,10350,10450,1243643,1,-0.2351,-40.5627
2024-07-16,10500,10550,10300,10300,1309881,1,-0.4031,-40.9658
2024-07-17,10350,10450,9700,9820,3251657,1,-1.1545,-42.1203
2024-07-18,9920,10000,9800,10000,1410212,1,-0.561,-42.6813
2024-07-19,10050,10100,9770,9800,1320499,1,-0.3648,-43.0461
2024-07-22,9800,9850,9510,9600,1209464,1,-0.2442,-43.2903
2024-07-23,9780,9780,9570,9580,674451,1,-0.2645,-43.5548
2024-07-24,9570,9850,9400,9650,820048,1,0.0797,-43.4751
2024-07-25,9660,9670,9570,9670,411066,1,-0.0913,-43.5664
2024-07-26,9670,9800,9670,9790,501200,1,-0.0144,-43.5808
2024-07-29,9880,9900,9800,9810,395400,1,-0.0833,-43.6641
2024-07-30,9810,9840,9580,9620,815700,1,-0.3921,-44.0562
2024-07-31,9620,9760,9580,9620,1181700,1,-0.0324,-44.0886
2024-08-01,9630,9690,9200,9230,1107500,1,-0.4909,-44.5795
2024-08-02,9130,9260,9050,9240,946500,1,-0.0954,-44.6749
2024-08-05,8850,9080,8600,8600,2402600,1,-0.9266,-45.6015
2024-08-06,8630,8800,8600,8720,1250300,1,-0.0028,-45.6043
2024-08-07,8780,8850,8720,8830,605300,1,0.0155,-45.5888
2024-08-08,8830,8950,8740,8810,624800,1,-0.1061,-45.6949
2024-08-09,8930,8930,8800,8840,587200,1,-0.1475,-45.8424
2024-08-12,8840,8920,8830,8860,399200,1,0.0588,-45.7836
