t,o,h,l,c,v,pot,pot_ask,pot_bid
2024-02-15,35600,35800,35000,35000,8862589,1,-1.6558,-1.6558
2024-02-16,35300,35300,34650,35250,7518770,1,-1.419,-3.0748
2024-02-19,35100,35500,34500,35400,10690911,1,-1.8598,-4.9346
2024-02-20,35300,35600,34700,35200,6844456,1,-0.3492,-5.2838
2024-02-21,35250,36200,35050,35550,10408441,1,1.0859,-4.1979
2024-02-22,35700,35750,35250,35700,7064441,1,0.2654,-3.9325
2024-02-23,35800,37150,35000,35200,25789026,1,4.3861,0.4536
2024-02-26,35200,35850,35100,35650,6399684,1,0.0886,0.5422
2024-02-27,35700,36300,35450,36150,9073903,1,-0.7765,-0.2343
2024-02-28,36400,36450,35650,35950,9819770,1,-1.9197,-2.154
2024-02-29,36200,36300,35200,35550,12805479,1,-4.2914,-6.4454
2024-03-01,35700,35700,35000,35600,9186740,1,-1.3408,-7.7862
2024-03-04,35600,36900,35150,36000,17584719,1,1.5085,-6.2777
2024-03-05,36000,36450,35750,36450,7386434,1,-0.4782,-6.7559
2024-03-06,36400,36950,35650,36100,11122170,1,-0.7744,-7.5303
2024-03-07,36000,36050,35450,35800,8888544,1,-1.9696,-9.4999
2024-03-08,35800,35850,34500,34500,20836794,1,-7.1593,-16.6592
2024-03-11,34500,34750,33900,34150,7848930,1,-2.9138,-19.573
2024-03-12,34000,34600,33950,34500,6764826,1,-0.909,-20.482
2024-03-13,34600,35150,34200,35150,6146474,1,0.4312,-20.0508
2024-03-14,35200,35200,34200,34450,7015247,1,-1.8767,-21.9275
2024-03-15,34400,35400,33950,34750,9590069,1,0.1632,-21.7643
2024-03-18,34750,35000,32350,33300,11393812,1,-4.3196,-26.0839
2024-03-19,33400,33800,32950,33300,7154001,1,-2.5982,-28.6821
2024-03-20,33200,34500,33000,34350,9490071,1,1.6443,-27.0378
2024-03-21,34600,34900,34050,34900,9091163,1,0.2429,-26.7949
2024-03-22,35100,36400,35000,35700,15970111,1,2.0484,-24.7465
2024-03-25,35500,35700,34500,34700,9583651,1,-3.1528,-27.8993
2024-03-26,34750,35400,34650,35200,3805589,1,0.6804,-27.2189
2024-03-27,35000,35500,34800,35500,5071326,1,-0.9334,-28.1523
2024-03-28,35900,35900,35300,35750,7037993,1,-0.359,-28.5113
2024-03-29,35750,35750,35150,35550,4494235,1,-0.8075,-29.3188
2024-04-01,35400,35400,34750,35000,7923029,1,-1.9934,-31.3122
2024-04-02,34500,35200,34100,35000,6983869,1,-1.5487,-32.8609
2024-04-03,34900,35000,33900,34050,9114136,1,-3.3486,-36.2095
2024-04-04,34200,34300,33500,33550,7109402,1,-1.4479,-37.6574
2024-04-05,33200,33600,33100,33200,9837489,1,-0.2812,-37.9386
2024-04-08,33300,34250,32950,33500,12011667,1,4.217,-33.7216
2024-04-09,33900,34250,33550,34250,5242173,1,0.8407,-32.8809
2024-04-10,34350,34350,33650,33650,4304063,1,-1.135,-34.0159
2024-04-11,33300,33700,33250,33700,4181821,1,0.0245,-33.9914
2024-04-12,33800,36050,33650,35900,23787608,1,7.4486,-26.5428
2024-04-15,35800,36300,33400,33450,29303204,1,-5.7463,-32.2891
2024-04-16,33900,34050,32800,34050,15421515,1,-2.4003,-34.6894
2024-04-17,34250,34250,32650,32700,19099905,1,-7.9725,-42.6619
2024-04-19,32100,32750,31250,31600,13046019,1,-1.5893,-44.2512
2024-04-22,32049,32400,31700,32299,7771685,1,0.3104,-43.9408
2024-04-23,32250,32500,31150,31500,10693470,1,-4.3917,-48.3325
2024-04-25,32850,33000,32250,33000,4865881,1,-1.718,-50.0505
2024-04-26,32549,33150,32150,32800,8975056,1,-1.5917,-51.6422
2024-05-02,32800,32800,32000,32350,6363200,1,-0.2906,-51.9328
2024-05-03,32450,32850,32150,32400,6162933,1,-0.4738,-52.4066
2024-05-06,32600,33250,32350,33200,7631391,1,2.9404,-49.4662
2024-05-07,33200,33250,32800,32800,4944154,1,-0.4956,-49.9618
2024-05-08,32650,33000,32350,32600,8400427,1,-2.6814,-52.6432
2024-05-09,32800,33400,32450,32900,7201030,1,0.8818,-51.7614
2024-05-10,33150,33150,32549,32850,4659795,1,0.1957,-51.5657
2024-05-13,32850,32850,32250,32299,7006487,1,-2.1942,-53.7599
2024-05-14,32400,32700,32250,32299,5646320,1,-0.6925,-54.4524
2024-05-15,32450,33000,32250,32350,7931222,1,0.6588,-53.7936
2024-05-16,32800,33700,32549,33200,14198690,1,2.6059,-51.1877
2024-05-17,33350,33400,32900,33100,5952383,1,-2.3006,-53.4883
2024-05-20,33300,33900,33050,33350,12153697,1,-0.9489,-54.4372
2024-05-21,33450,34100,33350,33650,6082959,1,1.0625,-53.3747
2024-05-22,33850,33900,32700,33000,11645905,1,-4.3073,-57.682
2024-05-23,32950,33250,32600,33250,5576562,1,-1.1713,-58.8533
2024-05-24,33100,33900,32299,32500,13925619,1,-3.712,-62.5653
2024-05-27,32700,32700,32100,32400,8221234,1,-1.6239,-64.1892
2024-05-28,32450,32500,31700,32200,24692517,1,-6.1061,-70.2953
2024-05-29,32200,32200,31650,31650,15637199,1,-4.2069,-74.5022
2024-05-30,31350,32100,31350,31800,9621606,1,0.5602,-73.942
2024-05-31,31800,32200,31800,31900,6192508,1,-1.187,-75.129
2024-06-03,32250,32800,32049,32600,9931998,1,2.7026,-72.4264
2024-06-04,32700,32950,32450,32800,8847100,1,-0.5075,-72.9339
2024-06-05,32900,32950,32400,32400,8386715,1,-1.7397,-74.6736
2024-06-06,32500,32700,32350,32600,7439660,1,-1.1529,-75.8265
2024-06-07,32800,32900,32650,32800,4309934,1,0.2643,-75.5622
2024-06-10,32950,33950,32900,33500,13322411,1,0.5168,-75.0454
2024-06-11,33950,33950,33150,33200,10719054,1,-3.2272,-78.2726
2024-06-12,33250,33650,32850,33500,7594905,1,0.4161,-77.8565
2024-06-13,34000,34150,33500,33900,14014007,1,4.1454,-73.7111
2024-06-14,33900,33950,32800,32800,10433839,1,-3.055,-76.7661
2024-06-17,32800,32950,32299,32750,8420700,1,-2.1354,-78.9015
2024-06-18,32750,32850,32350,32350,7749511,1,-2.2915,-81.193
2024-06-19,32400,32549,31950,32500,6707065,1,-1.7422,-82.9352
2024-06-20,32299,32549,32000,32200,7046138,1,-2.0291,-84.9643
2024-06-21,32400,32450,32150,32200,4905568,1,-0.9906,-85.9549
2024-06-24,32200,32350,31550,31650,8441901,1,-2.1889,-88.1438
2024-06-25,31900,31900,31450,31600,5415929,1,-1.8558,-89.9996
2024-06-26,31600,31650,31050,31300,6559416,1,-1.9554,-91.955
2024-06-27,31300,31400,31150,31300,4085634,1,-0.74,-92.695
2024-06-28,31300,31450,31000,31000,4523875,1,-1.6598,-94.3548
2024-07-01,30850,32000,30850,32000,3926501,1,0.9722,-93.3826
2024-07-02,32000,32350,31900,32299,5125630,1,0.7336,-92.649
2024-07-03,32350,32500,32049,32350,3318740,1,-0.0214,-92.6704
2024-07-04,32400,32500,32049,32299,2528523,1,-0.5038,-93.1742
2024-07-05,32350,32850,32100,32700,5592654,1,1.652,-91.5222
2024-07-08,32750,32750,32299,32600,3855058,1,-0.368,-91.8902
2024-07-09,32600,32800,32400,32700,4735023,1,-0.647,-92.5372
2024-07-10,32700,32850,32400,32400,5207417,1,-0.7213,-93.2585
2024-07-11,32500,32600,32200,32200,3869535,1,-0.6687,-93.9272
2024-07-12,32200,32299,31900,32000,3875711,1,-1.8895,-95.8167
2024-07-15,32049,32200,32000,32100,2452363,1,-0.519,-96.3357
2024-07-16,32150,32850,32100,32500,6591821,1,0.7097,-95.626
2024-07-17,32700,33800,32549,33000,22607811,1,7.343,-88.283
2024-07-18,33300,33450,32750,33450,8114071,1,-0.7832,-89.0662
2024-07-19,33250,33800,32750,33400,10151078,1,-1.3587,-90.4249
2024-07-22,33200,34100,33150,33650,15874055,1,1.5217,-88.9032
2024-07-23,33700,33700,32049,32400,9828994,1,-3.2924,-92.1956
2024-07-24,32350,32500,31700,32200,10319378,1,-1.9869,-94.1825
2024-07-25,32000,32000,31400,31550,6107949,1,-1.7306,-95.9131
2024-07-26,31550,32150,31550,32049,3281100,1,0.5849,-95.3282
2024-07-29,32150,32350,32100,32100,3120200,1,0.4708,-94.8574
2024-07-30,32000,32100,31800,32000,4284300,1,-0.5003,-95.3577
2024-07-31,32000,32299,31800,32000,6542400,1,0.3659,-94.9918
2024-08-01,32000,32450,31300,31450,8811100,1,-2.8038,-97.7956
2024-08-02,31050,31550,30250,31550,10408500,1,-1.3331,-99.1287
2024-08-05,30900,30950,30000,30150,10630500,1,-4.5303,-103.659
2024-08-06,30500,30600,29950,30550,4871100,1,-1.4625,-105.1215
2024-08-07,30650,30650,30050,30200,3892500,1,-1.161,-106.2825
2024-08-08,30200,30450,30050,30200,5155000,1,0.4567,-105.8258
2024-08-09,30350,31500,30350,31500,7179900,1,2.7468,-103.079
2024-08-12,31550,31750,31200,31700,3052300,1,0.0854,-102.9936
