t,o,h,l,c,v,pot,pot_ask,pot_bid
2024-02-15,96500,97000,95200,95700,147114,1,-0.0552,-0.0552
2024-02-16,95400,97200,94900,97200,258256,1,0.1281,0.0729
2024-02-19,97200,97500,96400,97500,171534,1,0.0163,0.0892
2024-02-20,97700,97800,96000,97000,167303,1,-0.039,0.0502
2024-02-21,97000,97000,95300,96000,247363,1,-0.1143,-0.0641
2024-02-22,96200,99400,96000,99300,378453,1,0.1412,0.0771
2024-02-23,100000,100200,97500,98200,309349,1,-0.0805,-0.0034
2024-02-26,98100,103800,98000,102100,585804,1,0.1892,0.1858
2024-02-27,102100,104000,101600,102200,225353,1,-0.0351,0.1507
2024-02-28,102200,103900,100700,102500,235412,1,0.0099,0.1606
2024-02-29,102500,106000,101900,105000,297317,1,0.0636,0.2242
2024-03-01,106000,106000,104000,105000,205085,1,-0.0523,0.1719
2024-03-04,105500,105600,104000,104100,232265,1,-0.0666,0.1053
2024-03-05,103900,104900,103000,104000,249738,1,-0.0592,0.0461
2024-03-06,104000,107900,103300,104000,474573,1,-0.0695,-0.0234
2024-03-07,104000,106900,104000,106300,299898,1,0.101,0.0776
2024-03-08,106400,107500,105000,105200,170295,1,-0.0636,0.014
2024-03-11,106000,112500,105900,112500,879371,1,-0.3528,-0.3388
2024-03-12,115000,120300,114800,117900,1039270,1,0.0058,-0.333
2024-03-13,120000,123000,117700,119600,506227,1,-0.0007,-0.3337
2024-03-14,119600,121500,116500,117500,886874,1,-0.0503,-0.384
2024-03-15,117500,118800,114300,118500,675201,1,-0.0292,-0.4132
2024-03-18,118500,120000,110500,115700,1067627,1,-0.3157,-0.7289
2024-03-19,116100,120000,115100,118000,276057,1,0.0871,-0.6418
2024-03-20,117600,121000,115000,119100,609581,1,0.2841,-0.3577
2024-03-21,120900,127400,119500,127400,935241,1,0.5086,0.1509
2024-03-22,127400,128800,126100,128300,323696,1,-0.1,0.0509
2024-03-25,131000,131800,127200,130000,299799,1,-0.0333,0.0176
2024-03-26,130000,135000,128000,135000,360078,1,0.1549,0.1725
2024-03-27,135000,143600,133700,142700,560288,1,0.2128,0.3853
2024-03-28,142700,147000,142200,142200,296272,1,-0.0352,0.3501
2024-03-29,142000,142000,133200,138300,686609,1,-0.2165,0.1336
2024-04-01,138000,138000,134000,134500,476516,1,-0.1289,0.0047
2024-04-02,134600,139700,134500,137500,274402,1,0.0468,0.0515
2024-04-03,137500,139600,135000,135000,359202,1,-0.1248,-0.0733
2024-04-04,134000,137100,132200,133500,409758,1,-0.1024,-0.1757
2024-04-05,132000,135800,131600,132200,444957,1,-0.075,-0.2507
2024-04-08,134600,134600,125800,127000,646024,1,-0.1182,-0.3689
2024-04-09,125600,128000,124800,124900,482684,1,-0.1816,-0.5505
2024-04-10,125500,128500,125500,125700,187043,1,-0.0255,-0.576
2024-04-11,124500,124500,121000,122900,611614,1,-0.0222,-0.5982
2024-04-12,122500,127000,122500,125300,153080,1,0.0402,-0.558
2024-04-15,125000,126700,116600,116600,462739,1,-0.1762,-0.7342
2024-04-16,116600,119500,110500,119500,613938,1,0.12,-0.6142
2024-04-17,120000,120800,118000,118700,285183,1,-0.0409,-0.6551
2024-04-19,118600,118600,112000,112200,740521,1,0.0142,-0.6409
2024-04-22,115000,120000,114400,120000,564355,1,0.1395,-0.5014
2024-04-23,120000,121600,116800,118000,246194,1,-0.0945,-0.5959
2024-04-25,125900,129000,122000,122600,671591,1,-0.0933,-0.6892
2024-04-26,122600,126300,121400,124000,405920,1,-0.0171,-0.7063
2024-05-02,124500,127600,122000,127500,456884,1,0.0253,-0.681
2024-05-03,128500,131000,125000,130000,739001,1,-0.1774,-0.8584
2024-05-06,129900,131700,128800,130900,377378,1,-0.0574,-0.9158
2024-05-07,130900,132000,127900,128900,578010,1,-0.2154,-1.1312
2024-05-08,128699,132000,126500,129500,371595,1,0.0241,-1.1071
2024-05-09,129800,133500,129199,130900,395811,1,-0.0726,-1.1797
2024-05-10,130900,130900,127800,128800,275049,1,-0.078,-1.2577
2024-05-13,128699,128800,125000,126100,376757,1,-0.1957,-1.4534
2024-05-14,126500,127200,125300,126500,303726,1,-0.1351,-1.5885
2024-05-15,127200,135300,127000,135300,1127855,1,0.507,-1.0815
2024-05-16,140100,140100,134000,134000,549678,1,-0.1486,-1.2301
2024-05-17,136300,136300,133700,134400,499990,1,-0.0716,-1.3017
2024-05-20,136500,136500,130699,131000,818007,1,-0.473,-1.7747
2024-05-21,131000,133000,128199,129300,636393,1,-0.2673,-2.042
2024-05-22,132000,132000,128699,129100,388207,1,-0.1266,-2.1686
2024-05-23,129400,131600,128000,131600,415438,1,-0.1058,-2.2744
2024-05-24,131000,131000,125000,126500,422831,1,-0.1468,-2.4212
2024-05-27,127100,130000,126500,129000,306323,1,-0.0352,-2.4564
2024-05-28,130000,133700,129900,133200,694710,1,0.1577,-2.2987
2024-05-29,134400,134400,130400,130500,285231,1,-0.0951,-2.3938
2024-05-30,129000,130500,128000,129800,285715,1,-0.1049,-2.4987
2024-05-31,130000,132200,128800,131500,208470,1,0.0059,-2.4928
2024-06-03,132400,136100,132100,134000,580130,1,0.1051,-2.3877
2024-06-04,135000,135200,132800,133600,339191,1,-0.0516,-2.4393
2024-06-05,134500,137500,133000,133000,583685,1,-0.0124,-2.4517
2024-06-06,133000,135000,131400,131600,246415,1,-0.0753,-2.527
2024-06-07,131900,133800,131300,133700,237729,1,0.0491,-2.4779
2024-06-10,133700,134000,131500,132500,447959,1,-0.0703,-2.5482
2024-06-11,132500,132500,130400,132500,356226,1,-0.0993,-2.6475
2024-06-12,132500,133500,131000,133200,258363,1,0.0179,-2.6296
2024-06-13,134000,142500,133800,142500,2068402,1,1.104,-1.5256
2024-06-14,142600,152400,142600,152300,965742,1,0.0216,-1.504
2024-06-17,152300,161800,152300,155500,818451,1,-0.0255,-1.5295
2024-06-18,158000,160200,155900,158000,573336,1,-0.0486,-1.5781
2024-06-19,158100,162000,152000,158500,636500,1,-0.1322,-1.7103
2024-06-20,158900,161700,155900,158500,413690,1,-0.0398,-1.7501
2024-06-21,158500,162000,158500,160200,1001026,1,0.0044,-1.7457
2024-06-24,160200,161000,149000,151000,1308632,1,-0.7604,-2.5061
2024-06-25,151000,151500,147900,150400,408792,1,-0.0844,-2.5905
2024-06-26,150600,151500,145000,149600,532613,1,0.002,-2.5885
2024-06-27,148800,149500,148000,148200,157841,1,-0.0164,-2.6049
2024-06-28,146500,150900,140000,140600,726721,1,-0.3409,-2.9458
2024-07-01,140600,145000,137400,143600,361695,1,0.081,-2.8648
2024-07-02,143700,146500,143000,143700,269851,1,-0.0736,-2.9384
2024-07-03,145000,145000,142900,144400,162718,1,-0.0238,-2.9622
2024-07-04,144400,146500,143500,145200,329373,1,-0.0077,-2.9699
2024-07-05,146000,150400,145300,150000,398639,1,0.0423,-2.9276
2024-07-08,150000,150500,147100,147600,443651,1,-0.2916,-3.2192
2024-07-09,147600,148500,145000,145500,332363,1,-0.1759,-3.3951
2024-07-10,145000,149000,145000,147300,257372,1,-0.0586,-3.4537
2024-07-11,148200,148200,146200,146400,142699,1,-0.0718,-3.5255
2024-07-12,146500,149300,146500,147100,389111,1,-0.0714,-3.5969
2024-07-15,147200,148000,145000,145500,171432,1,-0.0663,-3.6632
2024-07-16,145500,145800,140500,142000,389230,1,-0.1363,-3.7995
2024-07-17,142300,142900,132100,138400,909623,1,-0.3463,-4.1458
2024-07-18,138200,138300,130699,134400,480487,1,-0.1592,-4.305
2024-07-19,137000,137000,133900,135200,142375,1,-0.0467,-4.3517
2024-07-22,135000,135000,127100,128100,559898,1,-0.0096,-4.3613
2024-07-23,127000,129800,121900,122000,520031,1,-0.1703,-4.5316
2024-07-24,119100,130500,117500,130500,857684,1,-0.0776,-4.6092
2024-07-25,130400,130400,126000,129000,313345,1,-0.0603,-4.6695
2024-07-26,128000,133900,126400,133000,455500,1,-0.0936,-4.7631
2024-07-29,133000,133800,130900,131500,184200,1,-0.078,-4.8411
2024-07-30,131500,131700,128000,130500,326700,1,-0.0585,-4.8996
2024-07-31,130000,130000,126000,126000,409000,1,-0.1232,-5.0228
2024-08-01,126100,127200,120300,123500,588800,1,-0.2335,-5.2563
2024-08-02,120700,124500,119200,124000,551800,1,0.1149,-5.1414
2024-08-05,120100,123000,115400,115600,591400,1,-0.1785,-5.3199
2024-08-06,115700,120000,112500,119300,605500,1,0.1437,-5.1762
2024-08-07,119300,120800,118000,119000,294700,1,-0.0179,-5.1941
2024-08-08,119400,119400,116200,117900,299600,1,-0.01,-5.2041
2024-08-09,119000,124500,118400,122900,368100,1,0.0655,-5.1386
2024-08-12,123700,124000,122600,123000,170300,1,-0.0239,-5.1625
