t,o,h,l,c,v,pot,pot_ask,pot_bid
2024-02-15,31300,31300,30800,30900,1702187,1,-0.3733,-0.3733
2024-02-16,30900,31450,30800,31000,1157340,1,-0.0748,-0.4481
2024-02-19,31000,31000,30400,30800,2001107,1,-0.314,-0.7621
2024-02-20,31250,31950,31000,31150,2171089,1,0.1306,-0.6315
2024-02-21,31100,31150,30700,31000,1165012,1,-0.2864,-0.9179
2024-02-22,30950,31000,30750,30800,1087833,1,-0.4034,-1.3213
2024-02-23,30800,31300,29900,29900,2504367,1,-0.6776,-1.9989
2024-02-26,29900,31500,29750,31200,2267149,1,0.7168,-1.2821
2024-02-27,31600,32299,31350,31400,2135878,1,0.3075,-0.9746
2024-02-28,31500,32000,31250,31550,1706536,1,-0.361,-1.3356
2024-02-29,31900,32800,31500,32150,2942970,1,0.2881,-1.0475
2024-03-01,32500,34000,32500,33250,3081525,1,0.4104,-0.6371
2024-03-04,33500,33800,32800,33000,1894545,1,-0.3298,-0.9669
2024-03-05,33000,35300,32299,35300,4747562,1,0.8085,-0.1584
2024-03-06,35750,36500,35600,36400,3359753,1,-0.0856,-0.244
2024-03-07,36500,37900,36050,36200,3088696,1,-0.2713,-0.5153
2024-03-08,36750,37550,35900,36500,3269278,1,0.1719,-0.3434
2024-03-11,36400,37500,35800,37000,2527353,1,0.2837,-0.0597
2024-03-12,37000,37450,36500,36850,2165121,1,-0.475,-0.5347
2024-03-13,37000,39000,36650,38900,2823301,1,0.7607,0.226
2024-03-14,38900,39500,38100,38400,2075464,1,-0.7254,-0.4994
2024-03-15,38400,38700,37200,38000,1957591,1,-0.355,-0.8544
2024-03-18,38400,38400,35350,36000,4207527,1,-1.3219,-2.1763
2024-03-19,36300,37100,36000,36400,902207,1,-0.042,-2.2183
2024-03-20,36100,37350,36100,37350,1531756,1,0.526,-1.6923
2024-03-21,37950,38100,37250,37350,1780329,1,-0.3565,-2.0488
2024-03-22,37600,38750,37300,38050,2607964,1,0.4944,-1.5544
2024-03-25,38900,38900,36600,37300,1927760,1,-0.8178,-2.3722
2024-03-26,37100,37900,36750,37650,906144,1,-0.0557,-2.4279
2024-03-27,37800,38050,37250,37550,1010061,1,-0.4048,-2.8327
2024-03-28,38000,39500,37850,39000,2728341,1,0.5494,-2.2833
2024-03-29,39000,39000,38400,38500,916261,1,-0.2553,-2.5386
2024-04-01,38400,38700,37500,38500,1678490,1,-0.2816,-2.8202
2024-04-02,38000,39500,38000,39500,2274983,1,0.1391,-2.6811
2024-04-03,39700,40700,38700,39250,2279094,1,-0.1228,-2.8039
2024-04-04,38800,39250,38300,38300,1715096,1,-0.1251,-2.929
2024-04-05,37450,37850,36000,36000,2724700,1,-0.5842,-3.5132
2024-04-08,35950,37200,35800,36500,1850966,1,0.141,-3.3722
2024-04-09,36800,38000,36600,38000,1054028,1,0.2351,-3.1371
2024-04-10,38000,38000,37400,37400,1119101,1,-0.3237,-3.4608
2024-04-11,36400,38400,36400,38200,1704849,1,0.4019,-3.0589
2024-04-12,38550,40500,38150,40500,3943317,1,1.2846,-1.7743
2024-04-15,40500,42000,37700,37700,4542921,1,-0.2395,-2.0138
2024-04-16,37850,40000,37050,39750,4744263,1,-0.1378,-2.1516
2024-04-17,40600,40600,37450,37450,2693759,1,-1.0902,-3.2418
2024-04-19,36000,37150,34850,34850,5836669,1,-1.6763,-4.9181
2024-04-22,35850,37000,35100,36200,2118238,1,-0.1131,-5.0312
2024-04-23,36100,36500,33800,34200,2395968,1,-0.9026,-5.9338
2024-04-25,35850,35950,35100,35500,1399103,1,-0.1536,-6.0874
2024-04-26,34850,36250,34850,35500,1350876,1,-0.182,-6.2694
2024-05-02,35550,35750,34300,34900,1686613,1,-0.5603,-6.8297
2024-05-03,35500,35750,34600,34900,1545935,1,-0.1211,-6.9508
2024-05-06,35500,37300,35000,37300,4375987,1,1.5683,-5.3825
2024-05-07,37600,38000,37050,37950,1956275,1,-0.1841,-5.5666
2024-05-08,37800,39250,37200,38800,2768877,1,0.2673,-5.2993
2024-05-09,39400,39400,38100,38300,2043295,1,-0.3953,-5.6946
2024-05-10,38300,40000,37700,40000,3452811,1,0.6001,-5.0945
2024-05-13,40400,41000,39400,39850,2152107,1,-0.3135,-5.408
2024-05-14,39850,40300,39250,39500,1927537,1,-0.426,-5.834
2024-05-15,40200,42250,39500,42250,4553536,1,1.2389,-4.5951
2024-05-16,42900,42900,42050,42350,1536524,1,-0.0263,-4.6214
2024-05-17,42300,43700,42100,43000,1954654,1,0.1798,-4.4416
2024-05-20,43350,43350,42400,42500,1927985,1,-0.2828,-4.7244
2024-05-21,42700,43850,42200,43850,2096128,1,0.0656,-4.6588
2024-05-22,44050,44750,42000,43400,2174015,1,-0.424,-5.0828
2024-05-23,43350,43800,42300,43800,1968275,1,-0.344,-5.4268
2024-05-24,42500,43500,40750,42000,3995760,1,-1.4575,-6.8843
2024-05-27,42000,42600,41500,42300,1056307,1,-0.1336,-7.0179
2024-05-28,42300,44000,42300,43850,2177602,1,0.301,-6.7169
2024-05-29,43800,43900,42550,42850,1561289,1,-0.4246,-7.1415
2024-05-30,42100,43500,41150,43500,2147720,1,-0.3691,-7.5106
2024-05-31,43300,43500,42500,42500,1213306,1,-0.2984,-7.809
2024-06-03,43300,43500,43000,43050,1266439,1,-0.0489,-7.8579
2024-06-04,43100,44300,43100,43900,2101973,1,0.2178,-7.6401
2024-06-05,44100,45700,43900,44800,2559834,1,0.6638,-6.9763
2024-06-06,44800,45000,43900,44350,1184629,1,-0.167,-7.1433
2024-06-07,44600,45150,43700,44350,1142158,1,-0.3832,-7.5265
2024-06-10,44150,45400,44000,44800,1167095,1,0.0171,-7.5094
2024-06-11,45300,45300,44500,45100,1314393,1,-0.1179,-7.6273
2024-06-12,45200,46450,45100,45750,1169084,1,0.1518,-7.4755
2024-06-13,46400,46400,45200,45200,1004791,1,-0.3438,-7.8193
2024-06-14,45450,45850,42800,42800,2262881,1,-0.7671,-8.5864
2024-06-17,42800,43400,42200,42700,1920561,1,-0.1091,-8.6955
2024-06-18,42950,43200,42700,43000,881811,1,-0.2539,-8.9494
2024-06-19,43100,43950,42600,43100,1216727,1,-0.0057,-8.9551
2024-06-20,43000,43450,42000,42650,1242616,1,-0.4138,-9.3689
2024-06-21,42400,43100,42400,42700,836720,1,-0.0441,-9.413
2024-06-24,42200,42650,39750,39750,5064735,1,-1.6309,-11.0439
2024-06-25,39750,40050,39100,39900,1134319,1,0.0453,-10.9986
2024-06-26,39900,40050,37750,39650,1010671,1,-0.0533,-11.0519
2024-06-27,39000,39600,38500,38500,1140600,1,-0.3798,-11.4317
2024-06-28,38250,40000,38200,38550,1625188,1,-0.1919,-11.6236
2024-07-01,38900,39700,38650,39600,870044,1,0.1359,-11.4877
2024-07-02,39750,40500,39650,40150,1184684,1,0.2365,-11.2512
2024-07-03,40000,40200,39500,39650,754964,1,-0.2596,-11.5108
2024-07-04,40000,40450,39500,39550,941475,1,-0.2521,-11.7629
2024-07-05,39800,39800,38800,39300,1127045,1,-0.3533,-12.1162
2024-07-09,40050,42000,39850,42000,3061203,1,-0.0125,-12.1287
2024-07-10,42000,42100,41150,41400,1374695,1,-0.2984,-12.4271
2024-07-11,41700,42800,41450,42150,2121872,1,0.1833,-12.2438
2024-07-12,41900,42350,41500,41700,1202256,1,-0.3281,-12.5719
2024-07-15,41900,42350,41500,42050,1108772,1,-0.4095,-12.9814
2024-07-16,42300,43100,42000,42100,1610871,1,0.0876,-12.8938
2024-07-17,42200,42500,39300,41100,2381292,1,-0.525,-13.4188
2024-07-18,41000,41400,39800,41300,1701819,1,-0.4766,-13.8954
2024-07-19,40650,41600,39800,39900,1730920,1,-0.6669,-14.5623
2024-07-22,39000,39400,37150,37150,3830558,1,-0.4802,-15.0425
2024-07-23,36900,36950,34700,34700,2198797,1,-0.238,-15.2805
2024-07-24,34100,35700,33800,35400,1803868,1,0.3631,-14.9174
2024-07-25,35500,36200,34650,35700,988189,1,-0.0535,-14.9709
2024-07-26,35700,36050,35100,35150,1257300,1,-0.2577,-15.2286
2024-07-29,35300,36350,35300,35900,989100,1,0.1323,-15.0963
2024-07-30,35750,35900,34900,35200,851100,1,-0.2459,-15.3422
2024-07-31,35350,35800,34800,34850,961800,1,-0.2138,-15.556
2024-08-01,35000,35200,32450,32450,2953600,1,-0.8637,-16.4197
2024-08-02,32200,34700,31350,34700,2480100,1,0.6447,-15.775
2024-08-05,34050,35500,33550,34600,2966900,1,-0.2641,-16.0391
2024-08-06,35200,36800,34100,36550,2494900,1,0.4214,-15.6177
2024-08-07,36700,36700,35100,36000,1962200,1,-0.3818,-15.9995
2024-08-08,36000,36150,34150,34950,2143100,1,-0.5591,-16.5586
2024-08-09,35400,36900,35100,36100,2933000,1,0.3879,-16.1707
2024-08-12,36200,36700,36000,36700,1520000,1,0.0107,-16.16
