t,o,h,l,c,v,pot,pot_ask,pot_bid
2024-02-15,27500,27700,27250,27700,16424978,1,0.3986,0.3986
2024-02-16,28000,28400,27800,27850,25687604,1,1.7433,2.1419
2024-02-19,27900,27900,27400,27600,19157373,1,-4.4691,-2.3272
2024-02-20,27700,27950,27400,27500,15940258,1,-1.7722,-4.0994
2024-02-21,27500,27650,27050,27200,20441720,1,-5.4935,-9.5929
2024-02-22,27200,27300,27000,27000,12820100,1,-3.2634,-12.8563
2024-02-23,27100,27100,26000,26150,27793376,1,-9.0467,-21.903
2024-02-26,26200,26550,26000,26450,13356576,1,0.9434,-20.9596
2024-02-27,26600,27350,26450,27350,18917985,1,6.1677,-14.7919
2024-02-28,27500,27500,26850,27000,13617747,1,-3.405,-18.1969
2024-02-29,27100,27800,27000,27300,28072821,1,4.2087,-13.9882
2024-03-01,27500,27700,27300,27550,13417548,1,0.3494,-13.6388
2024-03-04,27950,28800,27950,28100,49288376,1,8.1846,-5.4542
2024-03-05,28150,28300,27700,27850,19136833,1,-5.5621,-11.0163
2024-03-06,27850,27950,27100,27150,23829467,1,-8.041,-19.0573
2024-03-07,27100,27500,26700,27350,28918769,1,-2.9469,-22.0042
2024-03-08,27500,27550,26550,26550,32136467,1,-12.421,-34.4252
2024-03-11,26550,26800,26050,26200,18547476,1,-5.2403,-39.6655
2024-03-12,26250,26650,26100,26350,13978956,1,-0.9055,-40.571
2024-03-13,26550,27000,26350,27000,14825580,1,0.6316,-39.9394
2024-03-14,27300,27800,27000,27500,35289924,1,6.3738,-33.5656
2024-03-15,27650,29000,27550,28500,69906552,1,15.5081,-18.0575
2024-03-18,28900,30450,28800,30450,78958676,1,17.0248,-1.0327
2024-03-19,30950,30950,29900,29900,28348458,1,-3.1,-4.1327
2024-03-20,29850,30800,29550,30400,29510046,1,1.1003,-3.0324
2024-03-21,30900,32100,29900,31700,44830237,1,4.4667,1.4343
2024-03-22,32000,32299,31050,31950,24613567,1,-4.9338,-3.4995
2024-03-25,31850,33000,31700,32000,25557439,1,-0.8286,-4.3281
2024-03-26,31800,32650,31400,31950,17278198,1,-0.0223,-4.3504
2024-03-27,32049,33500,31750,32750,22471890,1,2.9386,-1.4118
2024-03-28,33000,33100,32650,32700,12625296,1,-2.2853,-3.6971
2024-03-29,32700,32800,32049,32200,16893726,1,-2.5814,-6.2785
2024-04-01,32200,33900,32150,33500,26754128,1,4.4366,-1.8419
2024-04-02,33150,33800,32700,33600,18678744,1,-1.9837,-3.8256
2024-04-03,33500,33500,31800,31800,27596680,1,-9.0967,-12.9223
2024-04-04,32200,33400,31700,32200,31937939,1,1.9265,-10.9958
2024-04-05,31750,32950,31600,32000,24880007,1,2.8855,-8.1103
2024-04-08,32000,32650,31800,32100,17981037,1,1.2278,-6.8825
2024-04-09,32150,32950,31800,32950,17307433,1,0.5138,-6.3687
2024-04-10,32950,33100,32299,32299,16986888,1,-4.0665,-10.4352
2024-04-11,31850,33300,31850,33000,22058403,1,4.8169,-5.6183
2024-04-12,33200,33950,33100,33600,23398925,1,1.7927,-3.8256
2024-04-15,33350,33650,31250,31250,35683438,1,-13.6549,-17.4805
2024-04-16,30950,31000,29250,30100,45689448,1,-10.7484,-28.2289
2024-04-17,30300,30450,28800,28800,26646644,1,-9.0109,-37.2398
2024-04-19,28000,29000,27050,27400,38948921,1,-1.6539,-38.8937
2024-04-22,28200,28450,27500,28100,18536622,1,0.4735,-38.4202
2024-04-23,28100,28200,26600,26800,22774903,1,-8.6473,-47.0675
2024-04-25,28550,28600,27950,28300,15074058,1,-3.4522,-50.5197
2024-04-26,27900,28500,27700,27800,21402555,1,-2.6298,-53.1495
2024-05-02,27300,27450,26200,26850,34464937,1,-7.142,-60.2915
2024-05-03,27250,27400,26800,26850,12398587,1,-1.7444,-62.0359
2024-05-06,27250,28200,26900,28100,21574116,1,4.3999,-57.636
2024-05-07,28150,28200,27650,27850,13927474,1,-3.4199,-61.0559
2024-05-08,27400,29000,26900,28600,28554762,1,4.2762,-56.7797
2024-05-09,28950,29150,28000,28100,15541185,1,-2.8825,-59.6622
2024-05-10,28300,28900,28050,28600,20986302,1,2.4266,-57.2356
2024-05-13,28800,28850,27750,28500,13834852,1,-4.4784,-61.714
2024-05-14,28550,28850,28300,28350,11080558,1,-0.4886,-62.2026
2024-05-15,28500,28800,28250,28500,14592535,1,-0.1263,-62.3289
2024-05-16,29050,29500,28700,28700,17903977,1,0.6659,-61.663
2024-05-17,28700,29300,28600,29250,18545347,1,1.2539,-60.4091
2024-05-20,29800,29800,29050,29050,14263554,1,-1.8678,-62.2769
2024-05-21,29000,29100,28500,28900,16925456,1,-4.9623,-67.2392
2024-05-22,29000,29700,28900,29300,24613432,1,1.4581,-65.7811
2024-05-23,29200,29250,28750,29200,13640718,1,-4.099,-69.8801
2024-05-24,29000,29450,27300,27800,31516523,1,-9.2372,-79.1173
2024-05-27,27800,27850,27350,27350,14705285,1,-2.9912,-82.1085
2024-05-28,27600,28300,27550,27850,10458679,1,-0.2139,-82.3224
2024-05-29,28000,28250,27600,27950,13203663,1,-3.6373,-85.9597
2024-05-30,27600,27900,27150,27600,15651903,1,-3.2404,-89.2001
2024-05-31,27950,28150,27500,27750,9395059,1,0.4625,-88.7376
2024-06-03,28050,28950,28050,28550,15726738,1,3.3027,-85.4349
2024-06-04,28650,28700,28300,28300,9246605,1,-1.9679,-87.4028
2024-06-05,28500,28600,28050,28050,11008019,1,-0.6892,-88.092
2024-06-06,28250,28250,27550,27750,11962039,1,-4.6027,-92.6947
2024-06-07,28000,28000,27600,27650,7615392,1,-1.3911,-94.0858
2024-06-10,27850,28200,27500,27800,10423450,1,-0.4508,-94.5366
2024-06-11,27800,27900,27350,27500,10430671,1,-3.8784,-98.415
2024-06-12,27600,27800,27350,27750,8738883,1,-1.1024,-99.5174
2024-06-13,28000,28700,27950,28200,19564529,1,0.8382,-98.6792
2024-06-14,28250,28300,27400,27400,13486097,1,-4.0489,-102.7281
2024-06-17,27400,27500,27000,27000,12616297,1,-3.9362,-106.6643
2024-06-18,27100,27450,27000,27000,7310655,1,-1.5367,-108.201
2024-06-19,27300,27300,26750,26850,9870747,1,-3.3781,-111.5791
2024-06-20,27050,27050,26200,26550,13024576,1,-4.6842,-116.2633
2024-06-21,26500,26600,26150,26150,9640432,1,-2.7622,-119.0255
2024-06-24,26500,27250,26500,26550,18903091,1,-0.5795,-119.605
2024-06-25,26950,26950,26550,26750,5080755,1,-0.485,-120.09
2024-06-26,26750,26900,26200,26350,7241907,1,-1.6742,-121.7642
2024-06-27,26400,27450,26200,27250,13596278,1,3.4583,-118.3059
2024-06-28,27300,27300,26450,26550,8250939,1,-2.5567,-120.8626
2024-07-01,26650,27100,26500,26900,5854424,1,-0.1758,-121.0384
2024-07-02,27150,27650,26750,27600,12919166,1,2.4499,-118.5885
2024-07-03,27650,27750,27250,27400,5789233,1,-1.1913,-119.7798
2024-07-04,27400,27700,27000,27100,7293723,1,-1.361,-121.1408
2024-07-05,27100,27300,26700,26850,8943492,1,-2.0375,-123.1783
2024-07-08,26900,26950,26200,26350,14280599,1,-5.6869,-128.8652
2024-07-09,26300,26700,26300,26500,7139204,1,-1.1104,-129.9756
2024-07-10,26600,26850,26350,26450,6406234,1,-0.6082,-130.5838
2024-07-11,26700,27650,26650,27050,16674022,1,3.4632,-127.1206
2024-07-12,27300,27300,26650,26700,6917801,1,-1.9362,-129.0568
2024-07-15,26700,26900,26550,26550,5729825,1,-1.4248,-130.4816
2024-07-16,26600,26950,26300,26300,7937712,1,-2.1884,-132.67
2024-07-17,26350,26500,24500,24500,35508914,1,-9.1054,-141.7754
2024-07-18,24550,24750,23900,24700,12655391,1,-2.5251,-144.3005
2024-07-19,24800,24800,23500,23800,11854786,1,-5.1209,-149.4214
2024-07-22,23500,24150,23000,24000,14324871,1,-0.5689,-149.9903
2024-07-23,24200,24200,23200,23300,5809812,1,-1.0467,-151.037
2024-07-24,23050,24550,22950,24450,12339519,1,0.6693,-150.3677
2024-07-25,24050,24300,23800,24300,5817716,1,-0.7934,-151.1611
2024-07-26,24300,24300,23700,24300,5500900,1,-1.5705,-152.7316
2024-07-29,24500,25050,24300,24500,8713400,1,-0.6372,-153.3688
2024-07-30,24300,24550,23650,24300,6133100,1,-2.053,-155.4218
2024-07-31,24400,24800,23950,24450,6756000,1,-0.8709,-156.2927
2024-08-01,24400,24400,22750,23350,14146400,1,-5.7957,-162.0884
2024-08-02,23300,23900,22700,23900,10272000,1,-0.022,-162.1104
2024-08-05,23200,23500,22250,22550,19505800,1,-7.3852,-169.4956
2024-08-06,23000,23200,22200,22800,9612800,1,0.8908,-168.6048
2024-08-07,23000,23300,22650,23000,7076900,1,-0.387,-168.9918
2024-08-08,22900,23400,22550,22900,8715500,1,-2.0205,-171.0123
2024-08-09,23250,23350,22850,23150,6766300,1,0.2085,-170.8038
2024-08-12,21700,22500,21550,22300,34262900,1,-3.3771,-174.1809
