t,o,h,l,c,v,pot,pot_ask,pot_bid
2024-02-15,14100,14550,14050,14450,2905055,1,0.5703,0.5703
2024-02-16,14450,14550,14350,14500,1974927,1,-0.4496,0.1207
2024-02-19,14550,14790,14450,14790,3518951,1,1.0084,1.1291
2024-02-20,14890,14890,14500,14550,2106578,1,-0.571,0.5581
2024-02-21,14550,14600,14300,14500,1860137,1,-0.7596,-0.2015
2024-02-22,14550,14840,14500,14600,2936993,1,0.088,-0.1135
2024-02-23,14600,14650,13950,14050,3377597,1,-1.1492,-1.2627
2024-02-26,14050,14100,13750,14100,2225593,1,-0.847,-2.1097
2024-02-27,14200,14350,14100,14200,1419685,1,-0.2869,-2.3966
2024-02-28,14300,14350,14100,14200,1240988,1,-0.4471,-2.8437
2024-02-29,14200,14300,14000,14150,1698033,1,-0.3276,-3.1713
2024-03-01,14250,14600,14000,14550,4119150,1,0.786,-2.3853
2024-03-04,14800,14800,14450,14600,2887189,1,-0.8041,-3.1894
2024-03-05,14700,15400,14600,15400,9744917,1,2.3749,-0.8145
2024-03-06,15450,15450,14900,14950,3580938,1,-0.946,-1.7605
2024-03-07,14950,15150,14800,15100,3569571,1,-0.0932,-1.8537
2024-03-08,15100,15650,14950,15300,8560159,1,1.6533,-0.2004
2024-03-11,15300,15850,15150,15450,4698301,1,-0.327,-0.5274
2024-03-12,15300,15850,15250,15550,5445250,1,0.9671,0.4397
2024-03-13,15650,16149,15600,15600,6435918,1,0.4002,0.8399
2024-03-14,15650,16300,15500,16250,6249355,1,1.5278,2.3677
2024-03-15,16200,16500,15900,16400,4140843,1,0.5881,2.9558
2024-03-18,16350,16500,15300,15950,5928405,1,-1.3687,1.5871
2024-03-19,15950,16100,15500,15500,2345988,1,-0.9997,0.5874
2024-03-20,15550,16200,15500,16200,2312667,1,0.4839,1.0713
2024-03-21,16300,16400,15950,16050,3324714,1,-0.6112,0.4601
2024-03-22,16300,16450,15950,16250,4418802,1,-0.3834,0.0767
2024-03-25,16200,16800,16100,16550,5278046,1,0.9192,0.9959
2024-03-26,16500,16600,16350,16550,1347977,1,-0.2032,0.7927
2024-03-27,16750,16850,16450,16600,2063481,1,0.292,1.0847
2024-03-28,16700,16700,16400,16500,1406188,1,-0.0202,1.0645
2024-03-29,16500,16650,16350,16600,1507294,1,-0.2883,0.7762
2024-04-01,16650,17100,16600,16900,2732666,1,0.6865,1.4627
2024-04-02,16950,16950,16600,16700,1905916,1,-0.3282,1.1345
2024-04-03,16600,16900,15800,16000,3371706,1,-1.5105,-0.376
2024-04-04,16000,16000,15500,15600,2355700,1,-0.7898,-1.1658
2024-04-05,15500,16000,15250,15600,1259875,1,-0.1028,-1.2686
2024-04-08,15800,15950,15600,15650,1072468,1,-0.2765,-1.5451
2024-04-09,15750,15750,15550,15750,662717,1,-0.0545,-1.5996
2024-04-10,15750,15900,15650,15750,795052,1,-0.3911,-1.9907
2024-04-11,15500,15800,15500,15750,690958,1,-0.0853,-2.076
2024-04-12,15100,15750,15100,15700,1407251,1,-0.4488,-2.5248
2024-04-15,15500,15650,14650,14650,1735721,1,-1.0338,-3.5586
2024-04-16,14500,14600,13900,13950,1722523,1,-0.3431,-3.9017
2024-04-17,14100,14250,13750,13750,667696,1,-0.1636,-4.0653
2024-04-19,13600,13600,13000,13050,1595801,1,-0.1322,-4.1975
2024-04-22,13200,13450,13200,13350,585981,1,-0.064,-4.2615
2024-04-23,13800,13800,13150,13150,574711,1,-0.147,-4.4085
2024-04-25,13700,14150,13650,14050,1074254,1,0.206,-4.2025
2024-04-26,14000,14950,13700,14950,1291511,1,0.6648,-3.5377
2024-05-02,14950,15050,14600,14850,1270096,1,0.001,-3.5367
2024-05-03,14950,15100,14850,15000,811124,1,0.1881,-3.3486
2024-05-06,15000,15400,14900,15400,720398,1,0.1396,-3.209
2024-05-07,15300,15750,15300,15450,1060589,1,-0.538,-3.747
2024-05-08,15200,15400,15000,15400,521991,1,-0.2238,-3.9708
2024-05-09,15400,16050,15400,15800,2944492,1,0.1922,-3.7786
2024-05-10,15950,16200,15600,15750,1436511,1,0.0218,-3.7568
2024-05-13,15600,15800,15400,15600,1068065,1,-0.4569,-4.2137
2024-05-14,15500,15800,15350,15400,781372,1,-0.0295,-4.2432
2024-05-15,15750,15750,15300,15500,1087947,1,0.0793,-4.1639
2024-05-16,15800,16000,15500,15700,2008245,1,-0.0539,-4.2178
2024-05-17,15700,15850,15400,15650,1681791,1,-0.5795,-4.7973
2024-05-20,15900,16100,15650,15800,2410423,1,-0.5362,-5.3335
2024-05-21,16000,16149,15750,15900,3008771,1,-0.4557,-5.7892
2024-05-22,16000,16050,15400,15500,1954268,1,-0.9968,-6.786
2024-05-23,15750,15850,15350,15800,1537222,1,0.0257,-6.7603
2024-05-24,15800,15850,14700,14700,2469803,1,-0.9823,-7.7426
2024-05-27,14500,14950,14500,14900,636790,1,-0.2387,-7.9813
2024-05-28,15100,15400,15000,15250,1354638,1,0.0006,-7.9807
2024-05-29,15450,15450,14200,15100,699466,1,-0.1299,-8.1106
2024-05-30,15100,15500,14850,15350,967235,1,0.0386,-8.072
2024-05-31,15400,15450,15100,15250,681202,1,-0.3618,-8.4338
2024-06-03,15500,15500,15200,15450,1442337,1,-0.0353,-8.4691
2024-06-04,15550,15550,15250,15300,1063379,1,-0.3998,-8.8689
2024-06-05,15500,15500,15100,15300,753868,1,-0.3465,-9.2154
2024-06-06,15450,15450,15050,15050,763736,1,-0.3116,-9.527
2024-06-07,15200,15200,14900,15050,703593,1,-0.1755,-9.7025
2024-06-10,15250,15350,15000,15250,879656,1,-0.1111,-9.8136
2024-06-11,15350,15350,14900,14900,709701,1,-0.3403,-10.1539
2024-06-12,15100,15100,14850,15100,333347,1,0.0105,-10.1434
2024-06-13,15200,15200,14950,14950,415793,1,-0.1319,-10.2753
2024-06-14,15050,15250,14850,14850,1444998,1,-0.5977,-10.873
2024-06-17,14950,14950,14550,14700,547274,1,-0.2406,-11.1136
2024-06-18,14900,14900,14600,14650,401154,1,-0.0998,-11.2134
2024-06-19,14800,14800,14550,14700,765583,1,-0.1444,-11.3578
2024-06-20,14550,14700,14350,14400,455113,1,-0.2451,-11.6029
2024-06-21,14450,14500,14350,14400,230663,1,-0.0604,-11.6633
2024-06-24,14400,14600,13650,13650,852845,1,-0.4481,-12.1114
2024-06-25,13850,13900,13650,13800,327477,1,-0.0182,-12.1296
2024-06-26,13800,13900,13650,13800,194736,1,-0.016,-12.1456
2024-06-27,13600,14300,13600,14300,484001,1,-0.0368,-12.1824
2024-06-28,14300,15100,13950,15100,1330263,1,-0.4755,-12.6579
2024-07-01,14950,14950,14400,14450,345435,1,-0.1195,-12.7774
2024-07-02,14450,14700,14250,14500,234274,1,-0.0848,-12.8622
2024-07-03,14550,14550,14300,14450,229916,1,-0.0455,-12.9077
2024-07-04,14450,14450,14200,14200,236549,1,-0.123,-13.0307
2024-07-05,14200,14450,14100,14300,179315,1,-0.0319,-13.0626
2024-07-09,14100,14550,14100,14550,313949,1,-0.0291,-13.0917
2024-07-10,14400,14550,14300,14350,187315,1,-0.0182,-13.1099
2024-07-11,14350,14500,14200,14300,251001,1,-0.0819,-13.1918
2024-07-12,14300,14300,14000,14100,495630,1,-0.2233,-13.4151
2024-07-15,14150,14150,13900,14000,234337,1,-0.0893,-13.5044
2024-07-16,14000,14100,13900,13950,147302,1,-0.0461,-13.5505
2024-07-17,14100,14100,13200,13250,492891,1,-0.2532,-13.8037
2024-07-18,13500,13700,13300,13650,461307,1,-0.0151,-13.8188
2024-07-19,13650,13800,13500,13550,257311,1,-0.1002,-13.919
2024-07-22,13550,13600,13400,13500,417154,1,-0.1746,-14.0936
2024-07-23,13500,13550,13250,13300,323541,1,-0.2154,-14.309
2024-07-24,13000,13350,13000,13300,180917,1,-0.0103,-14.3193
2024-07-25,13200,13200,12400,13150,249808,1,-0.08,-14.3993
2024-07-26,13150,13250,13150,13150,67600,1,-0.0377,-14.437
2024-07-29,13100,13400,13100,13200,124900,1,-0.0082,-14.4452
2024-07-30,13200,13250,12900,13100,113400,1,-0.0432,-14.4884
2024-07-31,12950,13200,12950,13000,150400,1,-0.0802,-14.5686
2024-08-01,13000,13000,12500,12500,276900,1,-0.1055,-14.6741
2024-08-02,12150,12450,11950,12250,335000,1,-0.0141,-14.6882
2024-08-05,12200,12250,11400,11400,644700,1,-0.2819,-14.9701
2024-08-06,11400,11650,11400,11550,381000,1,0.1118,-14.8583
2024-08-07,11550,11700,11000,11700,157900,1,-0.0184,-14.8767
2024-08-08,11400,12500,11400,12250,656700,1,0.2756,-14.6011
2024-08-09,12300,12350,12150,12250,208200,1,-0.0126,-14.6137
2024-08-12,12350,12700,12100,12500,312100,1,-0.0307,-14.6444
