t,o,h,l,c,v,pot,pot_ask,pot_bid
2024-02-15,28900,30800,28800,30800,1172689,1,0.1119,0.1119
2024-02-16,30200,31950,30200,31000,1078236,1,-0.1753,-0.0634
2024-02-19,31000,31950,30800,30950,613671,1,-0.2314,-0.2948
2024-02-20,30650,31400,30650,31350,898648,1,-0.0881,-0.3829
2024-02-21,31700,31750,30900,31450,831475,1,-0.0619,-0.4448
2024-02-22,31500,32500,31100,32500,1253535,1,0.0663,-0.3785
2024-02-23,32500,32750,31100,31400,1074132,1,-0.2395,-0.618
2024-02-26,31400,32000,31100,32000,1012706,1,-0.0983,-0.7163
2024-02-27,32200,32549,31550,32400,1245052,1,-0.0471,-0.7634
2024-02-28,32400,32400,31550,32100,794414,1,-0.0553,-0.8187
2024-02-29,32350,32350,31200,31950,965781,1,-0.3055,-1.1242
2024-03-01,31700,32000,31300,31950,667342,1,-0.0749,-1.1991
2024-03-04,31900,33000,31900,32800,1633276,1,0.0874,-1.1117
2024-03-05,32700,33000,32299,32800,755763,1,-0.0415,-1.1532
2024-03-06,32700,32700,31700,32000,620895,1,-0.2647,-1.4179
2024-03-07,32000,32800,31650,32450,1420423,1,0.0802,-1.3377
2024-03-08,32900,33000,31450,31600,1300396,1,-0.5549,-1.8926
2024-03-11,31500,32000,30850,31400,690326,1,-0.1762,-2.0688
2024-03-12,31400,32500,30600,32400,1436823,1,0.1573,-1.9115
2024-03-13,32650,34650,32500,34650,3255049,1,0.4041,-1.5074
2024-03-14,35000,37050,35000,36350,2136110,1,0.2528,-1.2546
2024-03-15,36050,38300,35500,38300,2272543,1,0.4637,-0.7909
2024-03-18,38500,39050,35650,38000,2858057,1,-0.3592,-1.1501
2024-03-19,37700,38000,36550,37000,1512093,1,-0.3621,-1.5122
2024-03-20,36550,37750,36200,37600,1073633,1,-0.0727,-1.5849
2024-03-21,37900,38200,37350,38150,1931888,1,0.2096,-1.3753
2024-03-22,38600,38650,37600,38000,1186095,1,-0.3948,-1.7701
2024-03-25,38150,38150,35950,36250,1508067,1,-0.8495,-2.6196
2024-03-26,36250,37350,36200,37000,796602,1,0.113,-2.5066
2024-03-27,37000,38200,36800,38000,1235780,1,0.0563,-2.4503
2024-03-28,38000,39500,37500,39500,1764464,1,0.3742,-2.0761
2024-03-29,39500,39500,38400,38550,1219948,1,-0.1754,-2.2515
2024-04-01,38400,38400,37150,37750,1275345,1,-0.2293,-2.4808
2024-04-02,37500,38450,37100,38450,1005261,1,0.0656,-2.4152
2024-04-03,38450,38450,37450,37500,1441586,1,-0.4744,-2.8896
2024-04-04,37500,37500,36500,37400,1021740,1,-0.1991,-3.0887
2024-04-05,37000,37200,36150,36200,919355,1,-0.2239,-3.3126
2024-04-08,36200,36300,33700,33700,2560325,1,-0.9246,-4.2372
2024-04-09,33550,34650,33400,34550,1065082,1,0.182,-4.0552
2024-04-10,34600,34600,33400,33400,571311,1,-0.2708,-4.326
2024-04-11,33000,34150,32750,34100,852413,1,0.08,-4.246
2024-04-12,34400,34800,33800,34700,879921,1,0.1007,-4.1453
2024-04-15,34600,34600,32299,32299,1099851,1,-0.47,-4.6153
2024-04-16,32400,32400,30600,32000,1170261,1,-0.4325,-5.0478
2024-04-17,32100,32600,31000,31000,484460,1,-0.1292,-5.177
2024-04-19,30100,31000,29150,29400,1047922,1,0.0043,-5.1727
2024-04-22,30000,31000,29800,30600,407370,1,0.0099,-5.1628
2024-04-23,30600,30850,30000,30500,360257,1,-0.1386,-5.3014
2024-04-25,32000,32200,31150,32000,455073,1,-0.1171,-5.4185
2024-04-26,31100,32299,31100,32200,715373,1,0.142,-5.2765
2024-05-02,32200,32299,31500,32299,514907,1,-0.0458,-5.3223
2024-05-03,32800,33300,31800,32000,637450,1,-0.0804,-5.4027
2024-05-06,32500,33800,32000,33500,893307,1,0.2171,-5.1856
2024-05-07,33500,33500,32750,33400,662384,1,-0.0632,-5.2488
2024-05-08,32800,35000,32600,33950,1032051,1,-0.0076,-5.2564
2024-05-09,34450,34500,33200,33550,642104,1,-0.1677,-5.4241
2024-05-10,33600,33600,32850,33000,526661,1,-0.1659,-5.59
2024-05-13,33400,33900,33000,33200,475016,1,-0.1511,-5.7411
2024-05-14,33250,33250,32650,32950,577023,1,-0.2449,-5.986
2024-05-15,32950,35000,32950,34750,1607024,1,0.4059,-5.5801
2024-05-16,35400,35400,34300,34600,898607,1,-0.2461,-5.8262
2024-05-17,34800,35800,34400,35300,1375351,1,0.2362,-5.59
2024-05-20,36500,36500,34800,35000,1430114,1,-0.3667,-5.9567
2024-05-21,35000,36450,34650,36100,1639947,1,-0.1171,-6.0738
2024-05-22,36400,36400,35000,35000,1116749,1,-0.3469,-6.4207
2024-05-23,35000,35700,34600,35500,1262959,1,-0.2426,-6.6633
2024-05-24,35350,35650,33500,34250,1450223,1,-0.526,-7.1893
2024-05-27,33800,34250,33550,33800,534344,1,-0.1203,-7.3096
2024-05-28,34350,35000,34000,35000,582869,1,0.0175,-7.2921
2024-05-29,35000,35750,34700,35000,1271100,1,-0.0494,-7.3415
2024-05-30,34700,34950,34000,34700,780832,1,-0.2369,-7.5784
2024-05-31,34750,37000,34100,36700,2482612,1,0.6684,-6.91
2024-06-03,37200,37200,36400,36550,779881,1,-0.0535,-6.9635
2024-06-04,36550,37000,36050,36200,1017353,1,-0.2862,-7.2497
2024-06-05,36500,36700,35650,35700,1129219,1,-0.2618,-7.5115
2024-06-06,36000,36600,35600,36200,1103328,1,-0.1458,-7.6573
2024-06-07,36400,36550,35500,35850,706267,1,-0.3158,-7.9731
2024-06-10,36000,37200,36000,36500,1171394,1,0.1188,-7.8543
2024-06-11,36800,36800,35800,36000,818815,1,-0.3327,-8.187
2024-06-12,36100,36750,35650,36700,899796,1,0.0791,-8.1079
2024-06-13,37000,37900,36500,37150,1460508,1,0.2111,-7.8968
2024-06-14,37200,37200,35000,35000,1243194,1,-0.3684,-8.2652
2024-06-17,35100,35400,34600,34750,766986,1,-0.1544,-8.4196
2024-06-18,34900,35100,34550,34800,577771,1,-0.1755,-8.5951
2024-06-19,35000,35200,34700,35050,512218,1,-0.1085,-8.7036
2024-06-20,35200,35300,34400,34500,576011,1,-0.188,-8.8916
2024-06-21,34500,35200,34500,34700,695693,1,-0.2327,-9.1243
2024-06-24,34550,34700,32299,32400,1564535,1,-0.6683,-9.7926
2024-06-25,32700,32700,32200,32600,367601,1,-0.0461,-9.8387
2024-06-26,32549,33100,32549,33000,392778,1,0.0039,-9.8348
2024-06-27,33000,33550,32950,33050,390984,1,-0.1094,-9.9442
2024-06-28,33300,33300,32500,32500,428066,1,-0.2738,-10.218
2024-07-01,32500,33250,32500,32850,204384,1,-0.0102,-10.2282
2024-07-02,33000,33250,32850,32950,249282,1,-0.0509,-10.2791
2024-07-03,32950,33700,32950,33450,270214,1,0.0471,-10.232
2024-07-04,33700,33750,33200,33300,245837,1,-0.1067,-10.3387
2024-07-05,33500,34300,33400,33600,507049,1,-0.0043,-10.343
2024-07-10,34400,34400,33700,33700,430413,1,-0.2014,-10.5444
2024-07-11,34000,34500,33550,33800,375838,1,-0.2027,-10.7471
2024-07-12,34300,34300,33500,33600,321521,1,-0.0809,-10.828
2024-07-15,34000,34000,33550,33650,183424,1,-0.0826,-10.9106
2024-07-16,33950,34400,33650,33900,448182,1,0.0283,-10.8823
2024-07-17,33950,33950,31550,32000,669567,1,-0.3869,-11.2692
2024-07-18,32000,32100,31100,31950,625450,1,-0.1418,-11.411
2024-07-19,31950,31950,31000,31000,741282,1,-0.2837,-11.6947
2024-07-22,31000,31000,30450,30500,494679,1,-0.2058,-11.9005
2024-07-23,31000,31000,29000,29000,717619,1,-0.458,-12.3585
2024-07-24,29000,30700,28950,30700,532281,1,-0.0084,-12.3669
2024-07-25,30500,30900,30200,30700,252377,1,-0.093,-12.4599
2024-07-26,30950,31300,30650,31300,190900,1,0.0685,-12.3914
2024-07-29,31300,31950,31300,31650,237800,1,0.0349,-12.3565
2024-07-30,31650,31900,31100,31400,278600,1,-0.0769,-12.4334
2024-07-31,31400,31550,30600,30700,227400,1,-0.0812,-12.5146
2024-08-01,30700,30700,28800,29050,384300,1,-0.1669,-12.6815
2024-08-02,29050,29600,28950,29550,341100,1,-0.0813,-12.7628
2024-08-05,27650,28950,27650,27700,413000,1,-0.0957,-12.8585
2024-08-06,28300,28400,27500,28150,269400,1,-0.1231,-12.9816
2024-08-07,28300,28450,27600,28200,149900,1,-0.0414,-13.023
2024-08-08,28150,29500,27800,28800,495500,1,-0.0217,-13.0447
2024-08-09,28800,29300,28800,29100,138900,1,-0.0204,-13.0651
2024-08-12,29300,29800,29100,29150,220100,1,-0.0007,-13.0658
