t,o,h,l,c,v,pot,pot_ask,pot_bid
2024-02-15,8090,8270,8090,8220,2825172,1,-0.1592,-0.1592
2024-02-16,8300,8300,8070,8160,3442720,1,-1.2275,-1.3867
2024-02-19,8109,8160,8020,8090,3821367,1,-1.4863,-2.873
2024-02-20,8090,8260,8090,8150,2759768,1,-0.6511,-3.5241
2024-02-21,8130,8200,8060,8109,1739736,1,-0.9278,-4.4519
2024-02-22,8119,8490,8119,8400,5484083,1,1.019,-3.4329
2024-02-23,8420,8450,8020,8020,4614928,1,-2.375,-5.8079
2024-02-26,8020,8070,7920,8000,2477043,1,-1.0103,-6.8182
2024-02-27,8039,8160,8010,8109,1549006,1,-0.298,-7.1162
2024-02-28,8130,8189,8010,8020,2016121,1,-0.5626,-7.6788
2024-02-29,8020,8109,7980,8010,2539021,1,-0.9482,-8.627
2024-03-01,8020,8100,8000,8080,1913970,1,-0.481,-9.108
2024-03-04,8109,8580,8109,8360,4640530,1,1.0129,-8.0951
2024-03-05,8360,8360,8200,8210,1902521,1,-0.3859,-8.481
2024-03-06,8210,8280,8080,8160,2564340,1,-1.308,-9.789
2024-03-07,8160,8200,8020,8100,3840535,1,-1.5659,-11.3549
2024-03-08,8109,8130,7990,8000,2560115,1,-1.1824,-12.5373
2024-03-11,7990,8080,7760,7820,2229046,1,-0.9999,-13.5372
2024-03-12,7820,7870,7690,7740,2305095,1,-0.492,-14.0292
2024-03-13,7740,7920,7730,7860,1664089,1,-0.0515,-14.0807
2024-03-14,8010,8070,7860,7920,1999647,1,-0.918,-14.9987
2024-03-15,7980,8109,7880,8000,1705852,1,0.1426,-14.8561
2024-03-18,8000,8400,7860,8350,5770409,1,0.9703,-13.8858
2024-03-19,8430,8480,8189,8210,1848498,1,-0.3707,-14.2565
2024-03-20,8130,8330,8130,8300,2229577,1,-0.2444,-14.5009
2024-03-21,8490,8880,8250,8800,10516083,1,1.2766,-13.2243
2024-03-22,8800,8870,8640,8720,1994118,1,-0.5395,-13.7638
2024-03-25,8700,8750,8420,8480,3217638,1,-1.151,-14.9148
2024-03-26,8490,8760,8390,8580,2254838,1,-0.0551,-14.9699
2024-03-27,8770,8770,8600,8650,2212681,1,-0.7624,-15.7323
2024-03-28,8730,8730,8600,8630,1578328,1,-0.564,-16.2963
2024-03-29,8640,8960,8630,8850,3225664,1,0.1857,-16.1106
2024-04-01,8780,8940,8710,8770,2259485,1,-0.4467,-16.5573
2024-04-02,8680,8900,8630,8880,3273561,1,-0.1604,-16.7177
2024-04-03,8870,8880,8690,8690,2918099,1,-1.0578,-17.7755
2024-04-04,8690,9150,8550,8870,3219921,1,-0.1235,-17.899
2024-04-05,8710,9030,8700,8920,3150538,1,0.5324,-17.3666
2024-04-08,8940,8940,8690,8730,1257282,1,-0.3623,-17.7289
2024-04-09,8680,8780,8610,8780,2048987,1,-0.7188,-18.4477
2024-04-10,8850,8970,8740,8780,1360079,1,-0.0484,-18.4961
2024-04-11,8760,9340,8730,9280,4988666,1,1.8152,-16.6809
2024-04-12,9250,9300,9250,9280,1815688,1,-0.1692,-16.8501
2024-04-15,9240,9240,8640,8640,5112264,1,-1.1945,-18.0446
2024-04-16,8540,8580,8039,8330,4808941,1,-0.8458,-18.8904
2024-04-17,8400,8400,8109,8109,1636842,1,-0.3999,-19.2903
2024-04-19,8080,8080,7560,7920,2804282,1,-0.3736,-19.6639
2024-04-22,7870,8109,7870,8029,1324582,1,0.2565,-19.4074
2024-04-23,8020,8070,7550,7750,1287895,1,-0.2745,-19.6819
2024-04-25,8280,8350,8109,8260,682799,1,-0.0783,-19.7602
2024-04-26,8189,8350,8109,8330,1038516,1,0.2,-19.5602
2024-05-02,8490,8750,8490,8670,1481994,1,0.0639,-19.4963
2024-05-03,8770,8770,8570,8580,2137666,1,-0.648,-20.1443
2024-05-06,8590,9150,8580,9140,2883736,1,0.9412,-19.2031
2024-05-07,9150,9720,9140,9530,5880345,1,1.1353,-18.0678
2024-05-08,9430,9670,9250,9480,3355831,1,0.13,-17.9378
2024-05-09,9620,9620,9150,9250,3090873,1,-1.0571,-18.9949
2024-05-10,9380,9620,9250,9420,4241475,1,0.2261,-18.7688
2024-05-13,9580,9580,9150,9280,1905944,1,-0.7111,-19.4799
2024-05-14,9340,9430,9250,9340,1563174,1,0.0493,-19.4306
2024-05-15,9370,9530,9290,9360,3222138,1,0.3123,-19.1183
2024-05-16,9480,9530,9350,9360,2674369,1,-1.147,-20.2653
2024-05-17,9420,9860,9340,9810,5621880,1,1.4559,-18.8094
2024-05-20,10000,10190,9530,9580,5281127,1,-0.8835,-19.6929
2024-05-21,9580,9910,9410,9860,5518029,1,-0.1759,-19.8688
2024-05-22,9860,10140,9860,10000,6181855,1,-1.0185,-20.8873
2024-05-23,9910,10240,9910,10050,4009287,1,-0.2977,-21.185
2024-05-24,10050,10140,9430,9620,6165522,1,-1.5073,-22.6923
2024-05-27,9580,9860,9530,9760,2197763,1,-0.2696,-22.9619
2024-05-28,9950,9950,9810,9950,1911770,1,-0.0332,-22.9951
2024-05-29,9950,10280,9810,10140,4689551,1,-0.5277,-23.5228
2024-05-30,9910,10050,9670,9810,2814148,1,-0.4066,-23.9294
2024-05-31,9860,10140,9720,9720,2024414,1,-0.3745,-24.3039
2024-06-03,9720,9910,9720,9760,2201125,1,-0.5282,-24.8321
2024-06-04,9810,9950,9720,9720,2447218,1,-0.4994,-25.3315
2024-06-05,9720,9860,9620,9620,2108562,1,-0.6192,-25.9507
2024-06-06,9620,9760,9480,9480,2242777,1,-0.9425,-26.8932
2024-06-07,9620,9620,9480,9530,1832899,1,0.0755,-26.8177
2024-06-10,9620,9720,9480,9530,1587970,1,-0.3872,-27.2049
2024-06-11,9580,9580,9310,9350,2983603,1,-0.9932,-28.1981
2024-06-12,9300,9910,9300,9810,2865089,1,0.976,-27.2221
2024-06-13,9950,10090,9860,9910,3889534,1,-0.5872,-27.8093
2024-06-14,9950,10140,9860,9860,4102741,1,-0.5377,-28.347
2024-06-17,10050,10050,9670,9810,3894781,1,-1.5372,-29.8842
2024-06-18,9860,10280,9860,10280,6634313,1,0.2957,-29.5885
2024-06-19,10380,10990,10380,10990,10389254,1,0.4538,-29.1347
2024-06-20,11230,11700,10940,11700,9707571,1,1.6763,-27.4584
2024-06-21,11700,11700,11130,11180,7001814,1,-3.6331,-31.0915
2024-06-24,11230,11510,10420,10420,10615007,1,-4.4477,-35.5392
2024-06-25,10380,10710,10380,10660,2765995,1,-0.072,-35.6112
2024-06-26,10660,10750,10190,10570,2464664,1,-1.2509,-36.8621
2024-06-27,10610,10750,10470,10610,2197250,1,-0.0417,-36.9038
2024-06-28,10570,10660,10050,10050,3598521,1,-1.5341,-38.4379
2024-07-01,10190,10280,9950,10090,1675204,1,0.0813,-38.3566
2024-07-02,10280,10280,10090,10280,1347396,1,0.2617,-38.0949
2024-07-03,10380,10520,10280,10280,1605959,1,-0.1104,-38.2053
2024-07-04,10380,10750,10380,10610,2847009,1,0.0007,-38.2046
2024-07-05,10850,10850,10520,10520,1719303,1,-0.0495,-38.2541
2024-07-09,10610,10990,10470,10900,4207667,1,0.9994,-37.2547
2024-07-10,10850,11180,10660,10940,3306180,1,-0.0571,-37.3118
2024-07-11,11130,11180,10850,10900,2135088,1,-0.632,-37.9438
2024-07-12,10990,10990,10750,10800,2476440,1,-1.1462,-39.09
2024-07-15,10750,11080,10750,10900,3033326,1,0.1784,-38.9116
2024-07-16,11040,11420,10940,11130,3140023,1,0.0106,-38.901
2024-07-17,11130,11230,10380,10570,2625233,1,-1.4925,-40.3935
2024-07-18,10570,10750,10140,10520,2892001,1,-0.8062,-41.1997
2024-07-19,10710,10710,10090,10330,1245987,1,-0.507,-41.7067
2024-07-22,10380,10380,9620,9620,3388663,1,-0.1736,-41.8803
2024-07-23,9530,9860,9530,9670,1975915,1,-0.5827,-42.463
2024-07-24,9430,10000,9420,9910,2541746,1,-0.0601,-42.5231
2024-07-25,9720,9860,9620,9760,660793,1,-0.1732,-42.6963
2024-07-26,9760,9860,9530,9810,702138,1,-0.1762,-42.8725
2024-07-29,9910,10190,9810,10140,1796516,1,0.4648,-42.4077
2024-07-30,10330,10330,9910,10090,1719713,1,-0.021,-42.4287
2024-07-31,10240,10240,9760,9950,1429088,1,-0.4517,-42.8804
2024-08-01,10100,10150,9300,9490,2768593,1,-1.3257,-44.2061
2024-08-02,9330,9590,9020,9550,1768285,1,-0.1309,-44.337
2024-08-05,9300,9350,8890,8890,2868520,1,-1.9045,-46.2415
2024-08-06,8880,9290,8840,9250,1407687,1,0.0281,-46.2134
2024-08-07,9230,9280,9090,9250,974646,1,-0.1238,-46.3372
2024-08-08,9210,9290,8610,8610,3393396,1,-0.7897,-47.1269
2024-08-09,8610,9100,8080,8610,6971747,1,-3.2252,-50.3521
2024-08-12,8700,8720,8480,8550,1255358,1,-0.3603,-50.7124
