t,o,h,l,c,v,pot,pot_ask,pot_bid
2024-02-15,25730,26270,25680,26090,37002180,1,1.9104,1.9104
2024-02-16,26140,26180,26000,26000,16729914,1,-0.033,1.8774
2024-02-19,26050,26730,25860,26550,42298335,1,7.9879,9.8653
2024-02-20,26550,26680,26410,26550,21405084,1,-0.3306,9.5347
2024-02-21,26450,26500,26090,26180,31597047,1,-11.5133,-1.9786
2024-02-22,26090,26180,25950,25950,22423703,1,-2.9805,-4.9591
2024-02-23,25950,26230,25820,25820,27315024,1,-6.7964,-11.7555
2024-02-26,25820,26180,25730,26180,19232263,1,2.6502,-9.1053
2024-02-27,26270,27680,26180,27590,86882418,1,32.616,23.5107
2024-02-28,27640,28140,27410,27820,35225601,1,5.6935,29.2042
2024-02-29,27950,28320,27730,28180,33602603,1,1.1069,30.3111
2024-03-01,28360,28360,27860,28050,26977136,1,1.6008,31.9119
2024-03-04,28180,28550,27910,28000,28600714,1,-1.695,30.2169
2024-03-05,28000,28450,27910,28320,29934805,1,-0.9714,29.2455
2024-03-06,28270,28320,27730,28000,28078693,1,-11.3194,17.9261
2024-03-07,27910,28500,27820,28180,32275896,1,4.2132,22.1393
2024-03-08,28180,28230,27500,27550,47338238,1,-13.3587,8.7806
2024-03-11,27550,27820,27090,27180,30439370,1,-8.6803,0.1003
2024-03-12,27140,27640,27090,27450,30148985,1,2.2892,2.3895
2024-03-13,27450,28050,27360,28000,29380668,1,10.3411,12.7306
2024-03-14,28090,28090,27500,27590,30792542,1,-5.3969,7.3337
2024-03-15,27590,27910,27270,27360,35837317,1,-2.9668,4.3669
2024-03-18,27410,27450,26360,26910,50128928,1,-15.5309,-11.164
2024-03-19,26820,27820,26730,27090,26986377,1,0.6958,-10.4682
2024-03-20,27140,27360,27050,27270,12979362,1,-0.3107,-10.7789
2024-03-21,27590,27770,27360,27500,19984496,1,1.3201,-9.4588
2024-03-22,27590,27910,27450,27770,37402271,1,0.4726,-8.9862
2024-03-25,27770,28140,27320,27450,21366246,1,-4.8825,-13.8687
2024-03-26,27450,27770,27360,27770,11986416,1,1.5186,-12.3501
2024-03-27,28090,28270,27820,27820,24342964,1,-2.087,-14.4371
2024-03-28,28050,28050,27680,27770,19124881,1,-4.5904,-19.0275
2024-03-29,27820,27820,27500,27500,14830426,1,-3.444,-22.4715
2024-04-01,27450,27590,27230,27360,20772986,1,-5.0067,-27.4782
2024-04-02,27180,27640,27090,27640,26310579,1,-0.4332,-27.9114
2024-04-03,27590,27680,27230,27230,21500994,1,-7.8695,-35.7809
2024-04-04,27230,27320,26860,26910,26385240,1,-6.7571,-42.538
2024-04-05,26770,27050,26590,26770,24030078,1,-0.4167,-42.9547
2024-04-08,26770,27090,26640,26910,16717695,1,-0.7495,-43.7042
2024-04-09,26910,27180,26860,27180,9846188,1,-0.6756,-44.3798
2024-04-10,27230,27360,26950,26950,11145329,1,-2.2935,-46.6733
2024-04-11,26770,27410,26770,27180,19255412,1,3.3371,-43.3362
2024-04-12,27270,27360,27140,27230,13925121,1,-1.6537,-44.9899
2024-04-15,27140,27230,25550,25910,31131437,1,-8.3426,-53.3325
2024-04-16,25910,25950,25320,25770,33449847,1,-4.7672,-58.0997
2024-04-17,25910,25950,25360,25450,15597365,1,-4.0704,-62.1701
2024-04-19,25270,25770,25000,25270,26158064,1,0.1795,-61.9906
2024-04-22,25640,25640,25320,25450,12398648,1,0.7179,-61.2727
2024-04-23,25450,25500,24950,25090,18376759,1,-5.2841,-66.5568
2024-04-25,26090,26090,25730,25950,11245215,1,-0.2295,-66.7863
2024-04-26,25730,25950,25500,25820,18314893,1,-1.208,-67.9943
2024-05-02,25820,25820,25500,25770,7330111,1,-0.3073,-68.3016
2024-05-03,25770,26450,25770,26050,16725291,1,2.3282,-65.9734
2024-05-06,26230,26680,26180,26640,27119741,1,4.9727,-61.0007
2024-05-07,26730,27450,26590,27410,30152936,1,9.7538,-51.2469
2024-05-08,27410,28180,27050,27910,34306978,1,8.921,-42.3259
2024-05-09,28090,28090,27320,27680,19434034,1,1.4347,-40.8912
2024-05-10,27820,27860,27230,27680,18994649,1,-1.6484,-42.5396
2024-05-13,27770,27860,27360,27450,13182013,1,-3.1158,-45.6554
2024-05-14,27640,27910,27360,27450,15673953,1,-1.2124,-46.8678
2024-05-15,27500,28500,27500,28360,45136493,1,15.4884,-31.3794
2024-05-16,28730,28950,28590,28730,27420436,1,3.351,-28.0284
2024-05-17,28730,28730,28320,28730,28657113,1,-5.3913,-33.4197
2024-05-20,28770,29230,28730,29090,46513904,1,3.0611,-30.3586
2024-05-21,29090,29090,28590,28950,20879194,1,-5.7246,-36.0832
2024-05-22,28950,29050,28320,28450,39799786,1,-8.7489,-44.8321
2024-05-23,28850,29500,28600,29500,37896846,1,5.7282,-39.1039
2024-05-24,29300,29500,28500,28900,30197105,1,-9.4467,-48.5506
2024-05-27,28900,29300,28650,28900,15778527,1,-2.463,-51.0136
2024-05-28,29000,29200,28800,29150,17576389,1,-1.9237,-52.9373
2024-05-29,29100,29250,28600,28600,21619795,1,-6.1384,-59.0757
2024-05-30,28500,28550,28000,28250,27283359,1,-6.5448,-65.6205
2024-05-31,28400,28800,28050,28600,17748524,1,0.729,-64.8915
2024-06-03,28800,29100,28800,29000,20647812,1,0.4584,-64.4331
2024-06-04,29000,29800,29000,29300,39674519,1,6.2272,-58.2059
2024-06-05,29300,29500,29100,29250,19207537,1,-0.423,-58.6289
2024-06-06,29250,29650,28900,29300,20837091,1,-2.8346,-61.4635
2024-06-07,29350,29400,29100,29300,14893390,1,-0.3887,-61.8522
2024-06-10,29400,29450,29150,29300,20270733,1,-1.548,-63.4002
2024-06-11,29400,29650,29050,29100,27003982,1,-3.5514,-66.9516
2024-06-12,29000,29600,29000,29600,19295443,1,1.6837,-65.2679
2024-06-13,29650,29700,29300,29500,20563088,1,-1.4218,-66.6897
2024-06-14,29500,29950,29100,29100,34310393,1,3.1358,-63.5539
2024-06-17,29100,29950,29000,29450,34389484,1,6.147,-57.4069
2024-06-18,29500,29700,29400,29400,16545599,1,-2.8888,-60.2957
2024-06-19,29500,29550,29250,29350,19187496,1,-2.7633,-63.059
2024-06-20,29250,29400,28950,29350,27788213,1,-7.7303,-70.7893
2024-06-21,29350,29350,29000,29050,14297102,1,-2.4401,-73.2294
2024-06-24,29000,29100,28250,28700,37872553,1,-11.4109,-84.6403
2024-06-25,28600,29050,28500,28700,16665373,1,0.7374,-83.9029
2024-06-26,28750,29200,28600,28900,19757460,1,0.5419,-83.361
2024-06-27,29000,29050,28700,28850,10087714,1,-2.0572,-85.4182
2024-06-28,28750,28900,28300,28300,22218009,1,-5.6661,-91.0843
2024-07-01,28300,28500,28050,28350,13583269,1,-2.0737,-93.158
2024-07-02,28350,28850,28250,28700,21287052,1,0.8553,-92.3027
2024-07-03,29000,29100,28700,28750,17279452,1,2.2792,-90.0235
2024-07-04,28850,29050,28600,28700,9370324,1,-3.6406,-93.6641
2024-07-05,28700,28950,28600,28650,12379504,1,-2.328,-95.9921
2024-07-08,28700,29050,28650,28800,18453505,1,-3.4456,-99.4377
2024-07-09,28800,29200,28750,29000,22579018,1,1.7902,-97.6475
2024-07-10,29100,29500,28950,28950,31001479,1,-1.1304,-98.7779
2024-07-11,29150,29250,28850,28850,14527557,1,-1.7367,-100.5146
2024-07-12,28900,28950,28450,28500,18069224,1,-4.7372,-105.2518
2024-07-15,28550,28750,28200,28450,16310035,1,-6.1468,-111.3986
2024-07-16,28500,28650,28400,28450,12341155,1,-1.2078,-112.6064
2024-07-17,28550,28600,27600,28200,25573686,1,-9.8473,-122.4537
2024-07-18,28200,28450,28050,28400,20492770,1,-3.8595,-126.3132
2024-07-19,28400,28400,28200,28200,11877885,1,-3.4456,-129.7588
2024-07-22,28100,28200,27750,28050,18424118,1,-1.2142,-130.973
2024-07-23,28050,28200,27800,27800,15071448,1,-4.9876,-135.9606
2024-07-24,27750,27950,27100,27700,19254395,1,-0.8542,-136.8148
2024-07-25,27600,27650,27300,27350,13334622,1,-1.7887,-138.6035
2024-07-26,27350,27650,27350,27450,8806900,1,-2.1889,-140.7924
2024-07-29,27650,28100,27600,27900,15443700,1,2.966,-137.8264
2024-07-30,28000,28200,27900,27900,15542800,1,-0.8268,-138.6532
2024-07-31,27900,27900,27100,27200,24285900,1,-8.475,-147.1282
2024-08-01,27500,27650,26600,26700,30480400,1,-10.3698,-157.498
2024-08-02,26650,27300,26500,27250,17545800,1,-0.4346,-157.9326
2024-08-05,26800,26850,25800,25950,45610000,1,-15.3208,-173.2534
2024-08-06,26050,26450,25850,26300,19759200,1,1.4873,-171.7661
2024-08-07,26450,26450,25950,26050,15411700,1,-3.6051,-175.3712
2024-08-08,25950,26100,25550,25600,21915800,1,-9.7973,-185.1685
2024-08-09,25900,26100,25700,26050,12123200,1,-1.328,-186.4965
2024-08-12,26050,26100,25700,25850,12576000,1,-4.1138,-190.6103
