t,o,h,l,c,v,pot,pot_ask,pot_bid
2024-02-15,4220,4280,4160,4180,5286239,1,-0.8567,-0.8567
2024-02-16,4220,4340,4180,4310,13611777,1,5.059,4.2023
2024-02-19,4310,4340,4240,4260,7495461,1,-0.9487,3.2536
2024-02-20,4280,4280,4190,4200,7069000,1,-1.4302,1.8234
2024-02-21,4200,4270,4170,4220,6406413,1,0.2881,2.1115
2024-02-22,4250,4430,4250,4280,12896388,1,2.244,4.3555
2024-02-23,4320,4320,4150,4160,9130296,1,-2.892,1.4635
2024-02-26,4170,4190,4140,4150,4916978,1,-0.7379,0.7256
2024-02-27,4160,4190,4110,4170,7669436,1,-2.0991,-1.3735
2024-02-28,4180,4210,4140,4160,4112030,1,-0.2267,-1.6002
2024-02-29,4200,4240,4150,4170,5717303,1,-0.3397,-1.9399
2024-03-01,4180,4220,4160,4220,6903514,1,1.0532,-0.8867
2024-03-04,4290,4290,4210,4210,7693081,1,-0.5269,-1.4136
2024-03-05,4200,4340,4180,4280,11350760,1,3.2436,1.83
2024-03-06,4570,4570,4510,4570,45904577,1,-17.1889,-15.3589
2024-03-07,4600,4630,4400,4430,14449123,1,-3.2614,-18.6203
2024-03-08,4470,4500,4300,4300,14477101,1,-3.7706,-22.3909
2024-03-11,4300,4420,4200,4210,9541501,1,-2.1455,-24.5364
2024-03-12,4300,4320,4220,4230,6747120,1,-1.0492,-25.5856
2024-03-13,4330,4350,4260,4350,7713890,1,1.6428,-23.9428
2024-03-14,4400,4550,4360,4410,16071812,1,0.342,-23.6008
2024-03-15,4440,4560,4410,4500,16165306,1,3.2861,-20.3147
2024-03-18,4650,4810,4500,4720,34350981,1,4.5279,-15.7868
2024-03-19,4720,4730,4500,4550,11209717,1,-4.4202,-20.207
2024-03-20,4550,4550,4450,4550,8939563,1,-1.3197,-21.5267
2024-03-21,4610,4640,4520,4580,10257551,1,-1.4548,-22.9815
2024-03-22,4570,4660,4480,4530,12445080,1,-2.9276,-25.9091
2024-03-25,4540,4650,4510,4530,12668269,1,-1.3636,-27.2727
2024-03-26,4530,4560,4490,4500,12023568,1,-3.4404,-30.7131
2024-03-27,4530,4590,4500,4520,8039491,1,-1.3848,-32.0979
2024-03-28,4550,4600,4490,4520,6678419,1,-2.7357,-34.8336
2024-03-29,4560,4560,4460,4460,7596554,1,-1.9595,-36.7931
2024-04-01,4460,4470,4350,4430,10294719,1,-2.5476,-39.3407
2024-04-02,4390,4430,4320,4400,9008114,1,-3.2862,-42.6269
2024-04-03,4430,4470,4300,4300,6028621,1,-1.2535,-43.8804
2024-04-04,4330,4390,4280,4300,7484915,1,-1.1966,-45.077
2024-04-05,4300,4360,4250,4280,9534013,1,1.1948,-43.8822
2024-04-08,4300,4340,4240,4240,6191855,1,-2.0915,-45.9737
2024-04-09,4270,4280,4200,4250,5982183,1,-1.2994,-47.2731
2024-04-10,4300,4310,4230,4230,4425053,1,-0.7887,-48.0618
2024-04-11,4160,4210,4150,4170,7601997,1,-1.5488,-49.6106
2024-04-12,4200,4260,4180,4200,4351168,1,-0.3362,-49.9468
2024-04-15,4180,4230,3910,3910,11678520,1,-3.8032,-53.75
2024-04-16,3870,3910,3640,3760,12293866,1,-2.2594,-56.0094
2024-04-17,3800,3830,3740,3740,4681906,1,-1.4106,-57.42
2024-04-19,3670,3740,3520,3650,6810059,1,-0.8827,-58.3027
2024-04-22,3670,3790,3670,3750,4152385,1,0.2141,-58.0886
2024-04-23,3770,3780,3650,3650,3687432,1,-1.1489,-59.2375
2024-04-25,3750,3760,3700,3700,2699501,1,-0.2349,-59.4724
2024-04-26,3680,3790,3680,3790,4052146,1,0.0319,-59.4405
2024-05-02,3800,4000,3800,3830,3315751,1,0.1505,-59.29
2024-05-03,3840,3880,3810,3810,3811441,1,-0.9875,-60.2775
2024-05-06,3820,3940,3800,3890,4965364,1,0.4059,-59.8716
2024-05-07,3900,3920,3830,3890,3242772,1,-0.1287,-60.0003
2024-05-08,3840,3880,3800,3830,3543733,1,-0.8351,-60.8354
2024-05-09,3840,3860,3800,3800,3086622,1,-1.0802,-61.9156
2024-05-10,3830,3860,3780,3850,3210502,1,0.1561,-61.7595
2024-05-13,3900,4110,3890,4110,16919487,1,5.1436,-56.6159
2024-05-14,4150,4160,4010,4010,6263432,1,-1.6741,-58.29
2024-05-15,4010,4050,3990,4010,7200801,1,-2.0855,-60.3755
2024-05-16,4030,4090,3990,3990,4379801,1,-0.9872,-61.3627
2024-05-17,4030,4030,3950,4000,4717589,1,-1.0839,-62.4466
2024-05-20,4050,4080,4000,4019,5369978,1,-0.8209,-63.2675
2024-05-21,4050,4230,4030,4080,9196612,1,1.6834,-61.5841
2024-05-22,4120,4160,4050,4050,5998980,1,-1.2831,-62.8672
2024-05-23,4190,4270,4150,4150,13780235,1,1.4858,-61.3814
2024-05-24,4180,4220,4040,4040,10255862,1,-2.5893,-63.9707
2024-05-27,4080,4140,4040,4100,3291895,1,-0.3706,-64.3413
2024-05-28,4140,4170,4100,4110,4489564,1,-0.2801,-64.6214
2024-05-29,4110,4260,4110,4180,13292263,1,3.0924,-61.529
2024-05-30,4250,4350,4210,4250,12296143,1,2.2436,-59.2854
2024-05-31,4260,4340,4210,4230,5801558,1,-0.9462,-60.2316
2024-06-03,4300,4400,4220,4240,11580473,1,-1.7994,-62.031
2024-06-04,4280,4290,4200,4220,5470481,1,-1.4319,-63.4629
2024-06-05,4250,4250,4180,4180,6751439,1,-1.0969,-64.5598
2024-06-06,4210,4220,4120,4120,4904792,1,-1.4683,-66.0281
2024-06-07,4130,4190,4120,4130,3782624,1,-0.9292,-66.9573
2024-06-10,4150,4180,4120,4120,4410017,1,-1.4251,-68.3824
2024-06-11,4130,4170,4070,4100,5522441,1,-1.8661,-70.2485
2024-06-12,4080,4130,4080,4110,3768641,1,-0.1424,-70.3909
2024-06-13,4130,4180,4110,4120,3824183,1,-0.6666,-71.0575
2024-06-14,4160,4160,4050,4070,5807838,1,-1.994,-73.0515
2024-06-17,4080,4080,3990,4000,6731827,1,-1.4626,-74.5141
2024-06-18,4030,4050,3990,4010,4994780,1,-0.0306,-74.5447
2024-06-19,4010,4030,3960,3980,2868276,1,-0.7713,-75.316
2024-06-20,4040,4040,3910,3970,2838353,1,-0.9182,-76.2342
2024-06-21,3980,3980,3910,3910,3013600,1,-0.4636,-76.6978
2024-06-24,3930,4050,3870,3920,5644345,1,-0.3128,-77.0106
2024-06-25,3920,3960,3880,3890,2599946,1,-0.6246,-77.6352
2024-06-26,3890,3940,3860,3870,3117057,1,-0.5343,-78.1695
2024-06-27,3900,3900,3840,3850,2649888,1,0.0057,-78.1638
2024-06-28,3850,3880,3750,3750,4274716,1,-1.6656,-79.8294
2024-07-01,3780,3820,3720,3820,2190768,1,0.6059,-79.2235
2024-07-02,3820,3870,3820,3870,1443671,1,0.2554,-78.9681
2024-07-03,3890,3900,3850,3860,1840752,1,-0.4382,-79.4063
2024-07-04,3860,3880,3820,3850,1986828,1,-0.8141,-80.2204
2024-07-05,3850,3850,3810,3830,2354430,1,-0.7777,-80.9981
2024-07-09,3790,3830,3780,3810,2390742,1,-0.3029,-81.301
2024-07-10,3830,3870,3800,3820,2601877,1,-0.2956,-81.5966
2024-07-11,3840,3880,3840,3840,2189430,1,-0.0007,-81.5973
2024-07-12,3850,3880,3810,3830,1769183,1,-0.6567,-82.254
2024-07-15,3830,3880,3820,3830,1729409,1,-0.388,-82.642
2024-07-16,3860,3860,3780,3780,2863908,1,-0.7561,-83.3981
2024-07-17,3810,3810,3520,3530,9817693,1,-2.3327,-85.7308
2024-07-18,3510,3600,3510,3600,4511809,1,-0.4397,-86.1705
2024-07-19,3600,3610,3500,3500,3364629,1,-1.1236,-87.2941
2024-07-22,3540,3550,3350,3370,4530025,1,-1.2998,-88.5939
2024-07-23,3380,3430,3370,3390,2133954,1,-0.3409,-88.9348
2024-07-24,3370,3470,3350,3470,2832535,1,1.041,-87.8938
2024-07-25,3460,3470,3430,3450,1918314,1,-0.1374,-88.0312
2024-07-26,3500,3500,3440,3440,2034800,1,-0.5212,-88.5524
2024-07-29,3460,3470,3370,3380,2568400,1,-1.009,-89.5614
2024-07-30,3380,3410,3360,3380,2485400,1,-0.7095,-90.2709
2024-07-31,3400,3530,3400,3450,3211700,1,0.2296,-90.0413
2024-08-01,3500,3510,3360,3360,3542900,1,-0.8004,-90.8417
2024-08-02,3360,3430,3360,3390,3178200,1,0.5637,-90.278
2024-08-05,3400,3430,3310,3310,4162000,1,-1.2637,-91.5417
2024-08-06,3380,3410,3310,3380,2059400,1,-0.0082,-91.5499
2024-08-07,3400,3590,3400,3590,5939800,1,1.1789,-90.371
2024-08-08,3590,3600,3500,3540,2866200,1,-0.9481,-91.3191
2024-08-09,3540,3590,3490,3490,2312200,1,-0.5898,-91.9089
2024-08-12,3500,3510,3430,3470,1939500,1,-0.4217,-92.3306
