t,o,h,l,c,v,pot,pot_ask,pot_bid
2024-02-15,13900,13990,13680,13680,1974182,1,-0.2089,-0.2089
2024-02-16,13680,13820,13640,13640,2143843,1,0.0149,-0.194
2024-02-19,13680,13730,13320,13500,3917013,1,-1.4705,-1.6645
2024-02-20,13500,13500,13320,13320,2790816,1,-0.6217,-2.2862
2024-02-21,13320,13770,13280,13770,4817155,1,1.228,-1.0582
2024-02-22,13820,13950,13590,13590,4338232,1,-1.2031,-2.2613
2024-02-23,13590,13680,13100,13100,7270463,1,-2.9631,-5.2244
2024-02-26,13800,13800,13350,13500,3107807,1,-0.0228,-5.2472
2024-02-27,13500,14400,13500,14400,5495890,1,1.3204,-3.9268
2024-02-28,14500,14750,14350,14700,4049250,1,-0.0926,-4.0194
2024-02-29,14600,14750,14350,14750,2975040,1,-0.315,-4.3344
2024-03-01,14850,15250,14500,15200,5449011,1,0.0414,-4.293
2024-03-04,15350,15400,14800,14900,3422966,1,-0.9833,-5.2763
2024-03-05,15000,15400,14750,15300,6013748,1,1.1271,-4.1492
2024-03-06,15300,15300,14750,15000,3052115,1,-1.3753,-5.5245
2024-03-07,14950,15100,14750,15000,3192346,1,-0.3172,-5.8417
2024-03-08,15100,15650,15050,15400,8164800,1,1.199,-4.6427
2024-03-11,15400,15600,14850,14950,3567890,1,-1.517,-6.1597
2024-03-12,14900,15100,14700,14900,3411797,1,-1.0054,-7.1651
2024-03-13,14900,15500,14800,15500,6348002,1,1.7818,-5.3833
2024-03-14,15650,16550,15500,16550,11650050,1,3.2505,-2.1328
2024-03-15,16500,16950,16000,16350,4813798,1,-0.7346,-2.8674
2024-03-18,16550,16550,15250,15700,10840641,1,-3.3294,-6.1968
2024-03-19,15750,15750,15250,15400,2582162,1,-0.5838,-6.7806
2024-03-20,15350,15700,15200,15600,5060801,1,0.4668,-6.3138
2024-03-21,15650,16100,15650,15800,4673063,1,-0.4594,-6.7732
2024-03-22,15900,15950,15550,15700,5521848,1,-0.6353,-7.4085
2024-03-25,15900,15900,15400,15550,6250057,1,-1.047,-8.4555
2024-03-26,15400,16000,15350,15850,3194378,1,0.8172,-7.6383
2024-03-27,15850,16000,15700,15800,1619660,1,-0.1909,-7.8292
2024-03-28,15900,16600,15800,16050,6392471,1,0.3094,-7.5198
2024-03-29,16050,16149,15750,15800,2892086,1,-0.5,-8.0198
2024-04-01,15800,16100,15700,16050,3584809,1,-0.4726,-8.4924
2024-04-02,16000,16000,15700,15950,2888744,1,-0.7378,-9.2302
2024-04-03,16000,16450,15850,15850,5477396,1,-0.7556,-9.9858
2024-04-04,15800,15850,15450,15500,2966068,1,-0.9709,-10.9567
2024-04-05,15300,15500,14900,14900,4520410,1,-1.6567,-12.6134
2024-04-08,15000,15050,14600,14600,2896006,1,-0.6809,-13.2943
2024-04-09,14600,14850,14600,14800,1600612,1,-0.0089,-13.3032
2024-04-10,14800,14900,14700,14800,1561220,1,-0.4048,-13.708
2024-04-11,14600,14650,14250,14600,2787850,1,-0.693,-14.401
2024-04-12,14750,14750,14500,14700,1493609,1,-0.4305,-14.8315
2024-04-15,14700,14900,13700,13700,4540997,1,-1.367,-16.1985
2024-04-16,13500,14050,13300,14000,4238792,1,0.1582,-16.0403
2024-04-17,14250,14250,13550,13550,1535926,1,-0.6044,-16.6447
2024-04-19,13400,14000,13200,13550,2963588,1,0.0635,-16.5812
2024-04-22,13850,13850,13550,13550,1276775,1,-0.004,-16.5852
2024-04-23,13750,13900,13550,13700,1315418,1,-0.0084,-16.5936
2024-04-25,14150,14150,13800,13900,871034,1,-0.2084,-16.802
2024-04-26,13850,13950,13700,13800,816293,1,-0.1384,-16.9404
2024-05-02,13850,13850,13550,13700,992700,1,-0.4894,-17.4298
2024-05-03,13600,13850,13450,13550,1994851,1,-1.2948,-18.7246
2024-05-06,13600,14050,13600,13950,1939318,1,0.5822,-18.1424
2024-05-07,14000,14050,13850,13950,982134,1,-0.0862,-18.2286
2024-05-08,13950,14500,13750,14250,2610503,1,0.0106,-18.218
2024-05-10,14050,14200,13950,14050,1382592,1,-0.1019,-18.3199
2024-05-14,13800,14100,13800,13850,981394,1,-0.1494,-18.4693
2024-05-15,13800,14050,13700,13950,4083417,1,-0.37,-18.8393
2024-05-16,14150,14450,14000,14200,4138961,1,0.3068,-18.5325
2024-05-17,14200,14550,14200,14500,4948096,1,1.036,-17.4965
2024-05-27,14500,14700,14350,14650,2864215,1,-0.4496,-17.9461
2024-05-28,14700,15100,14600,14950,4890409,1,0.584,-17.3621
2024-05-29,15000,15100,14650,14800,3467524,1,-0.4902,-17.8523
2024-05-30,14600,15000,14450,14750,3869044,1,-0.8392,-18.6915
2024-05-31,14650,14950,14600,14750,2533261,1,-0.5246,-19.2161
2024-06-03,15000,15750,14950,15750,14428239,1,2.5497,-16.6664
2024-06-04,15900,15900,15500,15550,3990580,1,-0.9556,-17.622
2024-06-05,15550,16350,15550,15900,10576644,1,3.1294,-14.4926
2024-06-06,16100,16550,15850,16300,11086205,1,0.5431,-13.9495
2024-06-07,16600,16600,16050,16300,3238419,1,-0.5209,-14.4704
2024-06-10,16400,16600,15900,16200,5387211,1,-2.0421,-16.5125
2024-06-11,16050,16200,15500,15500,15205134,1,-5.798,-22.3105
2024-06-12,15650,16000,15350,15950,6423157,1,1.7898,-20.5207
2024-06-13,15900,16050,15700,15800,4564585,1,-1.354,-21.8747
2024-06-14,15850,15850,15000,15000,6197586,1,-2.3165,-24.1912
2024-06-17,15000,15250,14900,14950,4778840,1,-1.3785,-25.5697
2024-06-18,15000,15200,14950,15050,2230618,1,-0.2653,-25.835
2024-06-19,15050,15150,14900,15000,2524747,1,-0.7469,-26.5819
2024-06-20,15050,15400,14900,15200,2953246,1,-0.5174,-27.0993
2024-06-21,15100,15400,15050,15200,2143338,1,-0.4711,-27.5704
2024-06-24,15200,15200,14500,14500,5467740,1,-1.7777,-29.3481
2024-06-25,14650,14800,14500,14700,1640371,1,0.0176,-29.3305
2024-06-26,14700,15250,14550,15100,3193321,1,0.802,-28.5285
2024-06-27,15100,15100,14850,14950,869719,1,-0.1654,-28.6939
2024-06-28,14950,15000,14250,14550,2076694,1,-0.7813,-29.4752
2024-07-01,14550,14850,14550,14800,751641,1,0.1429,-29.3323
2024-07-02,14800,15200,14800,15100,1570983,1,0.2148,-29.1175
2024-07-03,15100,15350,15000,15200,1597823,1,-0.0758,-29.1933
2024-07-04,15100,15200,14950,15100,1425680,1,-0.5848,-29.7781
2024-07-08,14950,15350,14950,15250,1818129,1,-0.0102,-29.7883
2024-07-09,15250,15650,15250,15600,4800292,1,0.7628,-29.0255
2024-07-10,15600,15700,15300,15400,1673136,1,-0.4744,-29.4999
2024-07-11,15550,15900,15450,15650,3665630,1,0.1422,-29.3577
2024-07-12,15650,15750,15350,15700,2677364,1,-0.7205,-30.0782
2024-07-15,15700,16100,15700,16000,8912284,1,1.1377,-28.9405
2024-07-16,16000,16149,15700,15700,4078748,1,-1.7146,-30.6551
2024-07-17,15800,15800,14650,14650,8172852,1,-2.5199,-33.175
2024-07-18,14650,15200,14600,14950,3629706,1,-0.2905,-33.4655
2024-07-19,14900,15150,14700,14750,2084096,1,-1.0128,-34.4783
2024-07-22,14800,15000,14400,14700,3286713,1,-1.1092,-35.5875
2024-07-23,14850,14950,14450,14450,2274184,1,-0.2359,-35.8234
2024-07-24,14450,14950,14350,14850,1725863,1,0.1219,-35.7015
2024-07-25,14700,15050,14400,14950,2542512,1,-0.3002,-36.0017
2024-07-26,14950,15500,14950,15300,3264400,1,1.1626,-34.8391
2024-07-29,15350,15550,15150,15250,5294700,1,-0.1777,-35.0168
2024-07-30,15400,15400,14800,14950,3634000,1,-1.2608,-36.2776
2024-07-31,14950,15250,14600,14750,2916200,1,-0.5004,-36.778
2024-08-01,14750,14800,13750,13800,9667200,1,-3.3647,-40.1427
2024-08-02,13650,14350,13650,14200,2044600,1,-0.3087,-40.4514
2024-08-05,14000,14050,13250,13350,4848200,1,-2.3297,-42.7811
2024-08-06,13500,13900,13350,13900,2525800,1,0.2606,-42.5205
2024-08-07,13950,13950,13600,13850,1100800,1,-0.0842,-42.6047
2024-08-08,13650,14100,13500,13650,2775900,1,-1.1884,-43.7931
2024-08-09,13900,14050,13750,13950,1602000,1,-0.0273,-43.8204
2024-08-12,14050,14050,13850,13950,991200,1,-0.2787,-44.0991
