t,o,h,l,c,v,pot,pot_ask,pot_bid
2024-02-15,24960,25560,24750,25390,4730253,1,0.6237,0.6237
2024-02-16,25430,25510,25050,25130,4784490,1,-1.0158,-0.3921
2024-02-19,26500,26500,25850,26000,2267414,1,-0.4054,-0.7975
2024-02-20,26000,26000,25600,25800,1531105,1,-0.5912,-1.3887
2024-02-21,25700,26150,25600,25950,1430985,1,0.0232,-1.3655
2024-02-22,25850,26250,25700,25800,1129701,1,-0.3243,-1.6898
2024-02-23,25800,25900,25050,25350,1517031,1,-0.7683,-2.4581
2024-02-26,25350,25700,25000,25700,1283961,1,-0.1613,-2.6194
2024-02-27,25850,26400,25800,26100,1721619,1,0.0471,-2.5723
2024-02-28,26200,26200,25750,25900,1313451,1,-0.4877,-3.06
2024-02-29,25900,26000,25450,25700,1951062,1,-1.0962,-4.1562
2024-03-01,25800,26950,25500,26800,4198152,1,0.8718,-3.2844
2024-03-04,27000,27000,26650,26700,1275189,1,-0.2742,-3.5586
2024-03-05,26300,26700,26150,26400,2211077,1,-0.5139,-4.0725
2024-03-06,26400,26500,25700,25850,1866855,1,-0.8078,-4.8803
2024-03-07,25850,26150,25750,26150,1710531,1,0.1902,-4.6901
2024-03-08,26000,26300,25550,25550,2377178,1,-0.8343,-5.5244
2024-03-11,25550,25600,25000,25000,1407606,1,-0.4355,-5.9599
2024-03-12,25000,25550,24850,25300,1489358,1,-0.1177,-6.0776
2024-03-13,25700,25700,25300,25650,1708898,1,0.0691,-6.0085
2024-03-14,25800,26200,25550,26200,3783544,1,0.4312,-5.5773
2024-03-15,26200,27050,26000,26450,4961800,1,0.354,-5.2233
2024-03-18,26450,26800,25000,25450,3347953,1,-0.6236,-5.8469
2024-03-19,25650,26000,25450,25450,1799515,1,-0.7115,-6.5584
2024-03-20,25500,25650,25250,25650,1937820,1,-0.492,-7.0504
2024-03-21,26000,26500,25650,26500,3286505,1,0.8561,-6.1943
2024-03-22,27150,27200,26500,26650,4311798,1,-1.2706,-7.4649
2024-03-25,26800,27350,26200,26400,3241391,1,-0.4923,-7.9572
2024-03-26,26400,26950,26100,26950,1681663,1,0.174,-7.7832
2024-03-27,27100,27300,26400,26950,2269515,1,-0.4506,-8.2338
2024-03-28,27050,27050,26500,26600,1456568,1,-0.4476,-8.6814
2024-03-29,26900,26900,26150,26200,1404398,1,-0.4603,-9.1417
2024-04-01,26200,26750,25900,26200,2230163,1,-0.5956,-9.7373
2024-04-02,26000,26400,25750,26300,1848784,1,-0.2888,-10.0261
2024-04-03,26300,26750,26000,26100,2272581,1,-0.4028,-10.4289
2024-04-04,26050,26350,25600,25600,1447721,1,-0.181,-10.6099
2024-04-05,25400,25600,25300,25300,1602003,1,-0.3335,-10.9434
2024-04-08,25250,25400,25000,25000,1141414,1,-0.2121,-11.1555
2024-04-09,25000,25200,24800,25200,1002909,1,-0.1648,-11.3203
2024-04-10,25300,25400,24800,24800,815989,1,-0.3414,-11.6617
2024-04-11,24400,24750,24200,24500,1157863,1,-0.221,-11.8827
2024-04-12,24550,24800,24550,24650,738457,1,-0.0316,-11.9143
2024-04-15,24600,24750,22950,22950,2114466,1,-1.1363,-13.0506
2024-04-16,22900,22900,21350,21950,2345699,1,-0.6424,-13.693
2024-04-17,22150,22200,21350,21400,959369,1,-0.4856,-14.1786
2024-04-19,20500,21300,20100,20150,2004963,1,-0.1602,-14.3388
2024-04-22,20800,20800,20150,20500,1119293,1,-0.1641,-14.5029
2024-04-23,20700,20900,19200,19500,1205378,1,-0.4815,-14.9844
2024-04-25,21000,22000,21000,21500,1976686,1,0.3169,-14.6675
2024-04-26,21100,21500,21000,21450,1052538,1,-0.072,-14.7395
2024-05-02,21600,21650,21050,21250,1022404,1,-0.1964,-14.9359
2024-05-03,21650,21650,21000,21100,931254,1,-0.1627,-15.0986
2024-05-06,21400,21750,21150,21700,1251434,1,0.2297,-14.8689
2024-05-07,21700,22300,21700,21800,1398501,1,0.162,-14.7069
2024-05-08,21450,22900,21100,22600,4451550,1,0.2744,-14.4325
2024-05-09,22800,22850,22050,22300,1725373,1,-0.3548,-14.7873
2024-05-10,22500,22500,21850,21950,2323063,1,-0.4507,-15.238
2024-05-13,22000,22200,21600,21850,1476090,1,-0.504,-15.742
2024-05-14,21900,22200,21750,21800,1314157,1,-0.2737,-16.0157
2024-05-15,21800,22400,21800,22300,2317000,1,0.3969,-15.6188
2024-05-16,22500,22650,22250,22250,1701953,1,-0.271,-15.8898
2024-05-17,22200,22400,21900,22150,2693247,1,-0.5931,-16.4829
2024-05-20,22500,22950,22350,22850,3443812,1,0.0053,-16.4776
2024-05-21,22850,22900,22350,22600,1991888,1,-0.4568,-16.9344
2024-05-22,22800,22850,22200,22250,2562677,1,-0.6913,-17.6257
2024-05-23,22250,22550,22150,22400,2047356,1,-0.0447,-17.6704
2024-05-24,22300,22850,21700,21850,3477947,1,-0.7761,-18.4465
2024-05-27,22000,22350,21850,22100,1364849,1,-0.2111,-18.6576
2024-05-28,22100,22650,22100,22650,2177510,1,0.0687,-18.5889
2024-05-29,22650,23500,22550,22950,4405535,1,0.0745,-18.5144
2024-05-30,22450,23400,22450,22800,2838059,1,-0.2321,-18.7465
2024-05-31,23200,23200,22550,22550,1944041,1,-0.6761,-19.4226
2024-06-03,22750,23100,22700,22900,1984818,1,0.1537,-19.2689
2024-06-04,23100,23750,22900,23500,5470571,1,0.2742,-18.9947
2024-06-05,23700,23850,23300,23300,3181956,1,-0.9226,-19.9173
2024-06-06,23500,23700,22850,23000,2129925,1,-0.687,-20.6043
2024-06-07,23200,23250,22900,23000,1633156,1,-0.5797,-21.184
2024-06-10,23350,23950,23300,23350,4643261,1,0.7204,-20.4636
2024-06-11,23450,23500,22800,22850,2353149,1,-1.0553,-21.5189
2024-06-12,22850,22900,22500,22800,2649911,1,-0.4997,-22.0186
2024-06-13,23000,23100,22750,22800,2340162,1,-0.27,-22.2886
2024-06-14,22800,23400,22000,22000,3808579,1,-0.0379,-22.3265
2024-06-17,22150,22400,22000,22150,1837469,1,-0.3409,-22.6674
2024-06-18,22500,22500,22000,22000,1739212,1,-0.5061,-23.1735
2024-06-19,22050,22150,21500,21600,2636464,1,-1.1448,-24.3183
2024-06-20,21600,21850,20800,21000,2614314,1,-1.0212,-25.3395
2024-06-21,21050,21350,21000,21000,1228328,1,-0.2801,-25.6196
2024-06-24,21250,21300,19950,19950,2067187,1,-0.8958,-26.5154
2024-06-25,19950,21150,19950,20800,3722746,1,-1.3073,-27.8227
2024-06-26,20900,21200,20700,21100,1062696,1,-0.127,-27.9497
2024-06-27,21200,21250,20700,20800,828095,1,-0.1544,-28.1041
2024-06-28,20800,20800,20000,20050,1484748,1,-0.6636,-28.7677
2024-07-01,20450,20450,20050,20350,637073,1,0.0367,-28.731
2024-07-02,20450,20800,20450,20650,1044557,1,-0.1412,-28.8722
2024-07-03,20850,21700,20650,21400,2510226,1,0.2198,-28.6524
2024-07-04,21500,21500,21050,21150,1112386,1,-0.3754,-29.0278
2024-07-05,21250,21650,21100,21250,1725257,1,-0.158,-29.1858
2024-07-09,21000,21300,20850,21300,2666566,1,-0.289,-29.4748
2024-07-10,21650,21650,21200,21200,2766217,1,-0.3928,-29.8676
2024-07-11,21300,21450,21050,21150,1081227,1,-0.3926,-30.2602
2024-07-12,21300,21300,20450,20600,2220579,1,-0.7719,-31.0321
2024-07-15,20700,20850,20600,20650,663844,1,-0.1471,-31.1792
2024-07-16,20900,20900,20600,20650,936352,1,-0.3761,-31.5553
2024-07-17,20800,20850,19500,20000,2255280,1,-0.9629,-32.5182
2024-07-18,20050,20400,19700,20200,1266603,1,-0.1492,-32.6674
2024-07-19,20200,20200,19750,19950,780988,1,-0.2466,-32.914
2024-07-22,19950,19950,19000,19250,1238675,1,-0.2764,-33.1904
2024-07-23,19350,19500,18400,18400,1119273,1,-0.4716,-33.662
2024-07-24,18400,19200,18050,19000,1099172,1,0.0854,-33.5766
2024-07-25,18950,18950,18650,18800,477500,1,-0.0844,-33.661
2024-07-26,18800,19200,18800,18900,606600,1,-0.0425,-33.7035
2024-07-29,19100,19200,18800,18950,316700,1,-0.1167,-33.8202
2024-07-30,19000,19000,18450,18650,701300,1,-0.2658,-34.086
2024-07-31,18600,18800,18300,18400,717000,1,-0.2937,-34.3797
2024-08-01,18300,18450,17300,17300,1612600,1,-0.7291,-35.1088
2024-08-02,17200,18500,16850,18500,1089800,1,-0.0021,-35.1109
2024-08-05,17900,18200,17250,17250,1496800,1,-0.659,-35.7699
2024-08-06,17500,18000,17150,18000,1084500,1,0.0283,-35.7416
2024-08-07,18000,18400,17600,18400,947600,1,0.0619,-35.6797
2024-08-08,18300,19400,18050,18450,2270700,1,0.2006,-35.4791
2024-08-09,18900,18900,18450,18550,883200,1,-0.122,-35.6011
2024-08-12,18550,19100,18400,18700,1050500,1,-0.0086,-35.6097
