t,o,h,l,c,v,pot,pot_ask,pot_bid
2024-02-15,40900,42080,40900,41690,252634,1,0.001466,0.001466
2024-02-16,41880,42570,41880,41980,238827,1,-0.023875,-0.022409
2024-02-19,42080,42280,41290,41790,188309,1,0.012325,-0.010084
2024-02-20,41980,42870,41490,42180,254985,1,0.095811,0.085727
2024-02-21,42180,42380,41690,41880,173134,1,0.003266,0.088993
2024-02-22,41880,42480,41690,41880,178305,1,-0.030471,0.058522
2024-02-23,41880,41980,40800,40900,240831,1,-0.121591,-0.063069
2024-02-26,40800,40900,40410,40700,177817,1,-0.001179,-0.064248
2024-02-27,41000,41880,40800,41590,218148,1,0.002378,-0.06187
2024-02-28,41690,41980,41000,41100,130385,1,-0.026499,-0.088369
2024-02-29,41100,41390,40800,41190,200585,1,0.006503,-0.081866
2024-03-01,41190,41690,41190,41490,182357,1,-0.022223,-0.104089
2024-03-04,41980,42870,41880,42870,461344,1,0.097692,-0.006397
2024-03-05,42870,43360,42380,42570,319535,1,-0.049933,-0.05633
2024-03-06,42570,42570,41390,42080,306811,1,-0.123809,-0.180139
2024-03-07,42380,42670,41490,42180,209607,1,0.002789,-0.17735
2024-03-08,42180,42280,41390,41390,240725,1,-0.051297,-0.228647
2024-03-11,41390,41590,40410,40600,218303,1,-0.144603,-0.37325
2024-03-12,40600,41190,40310,40800,279160,1,-0.043742,-0.416992
2024-03-13,40800,41190,40410,41100,140953,1,0.016447,-0.400545
2024-03-14,41190,41690,41000,41190,253899,1,-0.071741,-0.472286
2024-03-15,41100,42770,41100,41880,437550,1,0.08928,-0.383006
2024-03-18,42080,44250,41690,43260,870095,1,0.347693,-0.035313
2024-03-19,43850,44150,41880,42180,259783,1,-0.047257,-0.08257
2024-03-20,42570,42570,41290,42080,443008,1,0.057964,-0.024606
2024-03-21,42280,43560,41790,43070,573153,1,-0.065455,-0.090061
2024-03-22,43360,46810,43360,45530,1249198,1,0.10249,0.012429
2024-03-25,45530,46420,45040,45630,736653,1,0.034837,0.047266
2024-03-26,45530,46710,44540,45430,507664,1,0.025662,0.072928
2024-03-27,46020,46020,44940,45330,382955,1,0.009861,0.082789
2024-03-28,45430,45630,44540,44640,378944,1,-0.13732,-0.054531
2024-03-29,44640,44640,43850,43950,274492,1,-0.033062,-0.087593
2024-04-01,43850,45230,43760,44640,376631,1,0.055559,-0.032034
2024-04-02,44640,44640,43660,44540,351818,1,-0.076088,-0.108122
2024-04-03,44640,44940,43360,43660,339727,1,-0.100755,-0.208877
2024-04-04,43660,43950,42870,43260,301538,1,-0.053578,-0.262455
2024-04-05,42870,43160,42280,42380,340356,1,-0.066678,-0.329133
2024-04-08,42380,42480,41690,41690,280967,1,0.008075,-0.321058
2024-04-09,41690,42080,41490,42080,168325,1,0.015327,-0.305731
2024-04-10,42180,42380,41590,41590,135424,1,-0.04222,-0.347951
2024-04-11,41590,41690,40900,41390,276739,1,-0.010645,-0.358596
2024-04-12,41590,42180,41490,41980,189353,1,0.024143,-0.334453
2024-04-15,41790,41980,37840,38340,401370,1,-0.027208,-0.361661
2024-04-16,38430,38930,36460,37940,521059,1,-0.042831,-0.404492
2024-04-17,38730,38730,37550,37550,177763,1,0.016449,-0.388043
2024-04-19,37740,37740,36270,36270,324401,1,-0.068383,-0.456426
2024-04-22,36460,37250,36460,37250,193695,1,0.028047,-0.428379
2024-04-23,37250,37450,36270,36360,118372,1,-0.043486,-0.471865
2024-04-25,37940,37940,37150,37250,106827,1,0.006867,-0.464998
2024-04-26,36960,37840,36460,36960,210052,1,-0.110084,-0.575082
2024-05-02,37050,37150,36460,36560,127050,1,-0.04605,-0.621132
2024-05-03,36960,37150,36760,36860,114829,1,-0.038147,-0.659279
2024-05-06,36760,37740,36760,37650,285410,1,-0.035038,-0.694317
2024-05-07,37650,37940,35970,37350,129569,1,-0.004957,-0.699274
2024-05-08,37250,37550,36760,37150,157516,1,0.0043,-0.694974
2024-05-09,37250,37650,36960,37150,118382,1,-0.047094,-0.742068
2024-05-10,37250,37250,36760,37150,146260,1,-0.010342,-0.75241
2024-05-13,37450,37550,37050,37250,128903,1,-0.067049,-0.819459
2024-05-14,37250,37550,37050,37150,130822,1,-0.029356,-0.848815
2024-05-15,37150,37740,37150,37650,203975,1,0.007887,-0.840928
2024-05-16,37740,38340,37740,38240,143879,1,-0.005947,-0.846875
2024-05-17,38240,38240,37840,38040,122243,1,-0.016407,-0.863282
2024-05-20,38140,38930,37740,38040,276305,1,-0.002365,-0.865647
2024-05-21,38630,38930,37550,37940,144906,1,-0.033518,-0.899165
2024-05-22,37940,41100,37940,40310,602568,1,0.169972,-0.729193
2024-05-23,40310,41690,39810,40700,303734,1,0.037022,-0.692171
2024-05-24,40700,40700,38240,38730,426258,1,-0.112606,-0.804777
2024-05-27,38730,38930,38040,38240,154426,1,0.021096,-0.783681
2024-05-28,38340,39320,38340,38530,141654,1,0.008216,-0.775465
2024-05-29,38830,39030,38240,38830,253958,1,-0.028198,-0.803663
2024-05-30,38630,38630,37940,38430,193591,1,-0.047501,-0.851164
2024-05-31,38730,38730,38140,38240,87423,1,-0.018333,-0.869497
2024-06-03,38530,39320,38430,38730,178780,1,0.04377,-0.825727
2024-06-04,38530,39120,38530,38530,102626,1,-0.024878,-0.850605
2024-06-05,38630,38930,38340,38340,171715,1,0.003507,-0.847098
2024-06-06,38430,38430,37940,38040,149023,1,-0.011711,-0.858809
2024-06-07,38240,38340,37940,37940,88066,1,-0.020552,-0.879361
2024-06-10,37940,38240,37550,37650,158139,1,-0.027789,-0.90715
2024-06-11,38140,38140,37150,37350,191846,1,-0.083764,-0.990914
2024-06-12,37350,37840,37250,37840,106401,1,-0.013057,-1.003971
2024-06-13,38140,38240,37450,37740,134990,1,-0.052124,-1.056095
2024-06-14,37840,37840,37150,37150,146656,1,-0.085874,-1.141969
2024-06-17,37250,37350,36460,36560,265509,1,0.067767,-1.074202
2024-06-18,36560,37150,36460,36760,72149,1,0.018849,-1.055353
2024-06-19,36760,37150,36360,36560,130512,1,-0.006882,-1.062235
2024-06-20,36660,36660,36070,36460,100730,1,-0.022166,-1.084401
2024-06-21,36560,36560,35970,35970,124429,1,0.006899,-1.077502
2024-06-24,35970,36660,35580,35680,164881,1,-0.014459,-1.091961
2024-06-25,35770,36170,35680,35970,49095,1,0.000925,-1.091036
2024-06-26,35970,35970,35480,35770,96500,1,0.0161,-1.074936
2024-06-27,35770,35770,35480,35680,71757,1,0.003087,-1.071849
2024-06-28,35680,35970,35080,35080,119770,1,-0.074854,-1.146703
2024-07-01,32130,35280,32130,34790,77336,1,-0.004294,-1.150997
2024-07-02,34990,35280,34790,35180,43635,1,0.012875,-1.138122
2024-07-03,35080,35480,34990,34990,39963,1,-0.007717,-1.145839
2024-07-04,34990,35180,34790,35080,57676,1,-0.008856,-1.154695
2024-07-05,35080,35180,34490,34890,66526,1,0.000566,-1.154129
2024-07-09,34100,34490,33800,34300,85024,1,0.0335,-1.120629
2024-07-10,34200,34390,33800,34000,54715,1,-0.0147,-1.135329
2024-07-11,34100,36460,34100,35480,180094,1,0.0168,-1.118529
2024-07-12,35480,35870,34990,35080,39617,1,-0.0071,-1.125629
2024-07-15,36460,36460,34490,34690,56953,1,-0.0203,-1.145929
2024-07-16,34990,35480,34690,34790,65813,1,-0.0259,-1.171829
2024-07-17,34890,34990,33310,33800,105902,1,-0.042,-1.213829
2024-07-18,33800,34100,33510,33900,72057,1,0.0148,-1.199029
2024-07-19,34500,34500,32100,32100,97769,1,-0.0279,-1.226929
2024-07-22,32100,33400,31800,32299,101603,1,-0.0312,-1.258129
2024-07-23,32299,32800,31900,31900,43867,1,-0.0133,-1.271429
2024-07-24,31900,32800,30000,32800,118630,1,0.0481,-1.223329
2024-07-25,32800,32800,31900,32299,41201,1,-0.0136,-1.236929
2024-07-26,32299,32600,31500,31900,53399,1,-0.03,-1.266929
2024-07-29,32000,32400,31800,31800,41902,1,-0.0278,-1.294729
2024-07-30,31800,32200,30700,31100,54523,1,0.0116,-1.283129
2024-07-31,31200,32299,31200,31500,72960,1,0.0005,-1.282629
2024-08-01,31500,31500,29500,30000,90100,1,-0.044,-1.326629
2024-08-02,30000,30900,29900,30300,79800,1,-0.0067,-1.333329
2024-08-05,30000,30000,27400,28000,162500,1,-0.0461,-1.379429
2024-08-06,28000,30800,27300,30800,135700,1,0.0546,-1.324829
2024-08-07,33800,33800,30500,31100,87000,1,0.0129,-1.311929
2024-08-08,31000,31000,30000,30500,52000,1,-0.0175,-1.329429
2024-08-09,30100,30900,30100,30400,53500,1,0.0199,-1.309529
2024-08-12,30600,30600,30000,30400,37900,1,-0.0037,-1.313229
