t,o,h,l,c,v,pot,pot_ask,pot_bid
2024-02-15,17300,17800,17000,17800,1153633,1,0.177629,0.177629
2024-02-16,17800,17900,17500,17800,817929,1,0.018899,0.196528
2024-02-19,17800,19000,17800,18600,2687096,1,0.24077,0.437298
2024-02-20,18600,18900,18500,18800,744117,1,-0.057573,0.379725
2024-02-21,18800,19200,18500,19000,1111656,1,0.188154,0.567879
2024-02-22,19000,19000,18400,18600,1251541,1,-0.309723,0.258156
2024-02-23,18400,18700,18000,18400,1527236,1,-0.333158,-0.075002
2024-02-26,18400,19000,18300,18700,997370,1,0.174256,0.099254
2024-02-27,18700,20000,18700,19700,1683022,1,0.459696,0.55895
2024-02-28,19700,20200,19700,19800,792204,1,0.082392,0.641342
2024-02-29,19800,20000,19500,19700,581069,1,-0.226497,0.414845
2024-03-01,19700,19900,19500,19700,750732,1,0.000462,0.415307
2024-03-04,19800,20100,19600,19900,662025,1,-0.128859,0.286448
2024-03-05,19900,20500,19900,20500,1179766,1,0.177272,0.46372
2024-03-06,20500,20800,20000,20400,1075897,1,-0.396833,0.066887
2024-03-07,20400,20900,20000,20300,559769,1,-0.052363,0.014524
2024-03-08,20300,20600,20000,20600,754837,1,-0.206417,-0.191893
2024-03-11,20600,20900,20200,20300,822400,1,-0.10046,-0.292353
2024-03-12,20400,20900,20300,20800,693482,1,0.1558,-0.136553
2024-03-13,20800,21900,20800,21800,1132654,1,0.311166,0.174613
2024-03-14,21800,22000,21300,21500,675622,1,-0.147964,0.026649
2024-03-15,21500,21700,21200,21400,734305,1,-0.156471,-0.129822
2024-03-18,21400,21400,19300,19400,3405880,1,-0.861462,-0.991284
2024-03-19,19400,19700,19200,19200,955932,1,-0.050894,-1.042178
2024-03-20,19200,19900,18800,19800,904620,1,0.191138,-0.85104
2024-03-21,19800,20300,19600,20000,864853,1,-0.033111,-0.884151
2024-03-22,20000,20200,19700,19800,711829,1,-0.149869,-1.03402
2024-03-25,19800,20800,19800,20300,1457593,1,0.326353,-0.707667
2024-03-26,20300,20700,20300,20600,705562,1,-0.044056,-0.751723
2024-03-27,20500,20900,20300,20500,570518,1,-0.088314,-0.840037
2024-03-28,20500,20700,20300,20600,587979,1,0.017039,-0.822998
2024-03-29,20600,21300,20500,20800,957426,1,0.26496,-0.558038
2024-04-01,20800,20900,20300,20600,409622,1,-0.027898,-0.585936
2024-04-02,20600,20700,20200,20700,515966,1,0.02645,-0.559486
2024-04-03,20800,22700,20800,22600,4263670,1,0.5534,-0.006086
2024-04-04,22600,23200,22000,22300,1338075,1,0.218957,0.212871
2024-04-05,22500,22700,21900,21900,1184113,1,-0.059269,0.153602
2024-04-08,21900,22200,20300,20300,1732986,1,-0.583078,-0.429476
2024-04-09,20300,21400,20200,21400,843138,1,0.201442,-0.228034
2024-04-10,21500,21600,20900,21000,401633,1,-0.140869,-0.368903
2024-04-11,21000,21900,20600,21600,971911,1,-0.074005,-0.442908
2024-04-12,21600,22600,21600,22500,965446,1,0.504826,0.061918
2024-04-15,22500,23600,21700,21700,2122546,1,0.099346,0.161264
2024-04-16,21700,22100,21200,22000,1273679,1,0.251143,0.412407
2024-04-17,22200,22300,21400,21700,893902,1,-0.055716,0.356691
2024-04-19,21500,21500,19600,19600,3757870,1,1.105434,1.462125
2024-04-22,19600,19600,18400,18500,2271212,1,-0.055586,1.406539
2024-04-23,18500,18900,18400,18700,1015502,1,-0.118214,1.288325
2024-04-25,19300,19600,17800,19000,2861803,1,0.541837,1.830162
2024-04-26,18800,19200,18600,18700,474400,1,0.019322,1.849484
2024-05-02,18900,19300,18500,19200,1082881,1,0.155299,2.004783
2024-05-03,19200,19400,18900,19200,640371,1,0.025685,2.030468
2024-05-06,19400,20200,19200,20200,1309714,1,0.404538,2.435006
2024-05-07,20300,20600,20100,20500,1202279,1,-0.070725,2.364281
2024-05-08,20600,21700,20000,21300,1828338,1,0.159588,2.523869
2024-05-09,21500,22000,21100,21200,1295682,1,-0.272316,2.251553
2024-05-10,21200,21200,20400,20800,1188696,1,-0.484704,1.766849
2024-05-13,21000,21500,20600,21500,1324203,1,-0.019573,1.747276
2024-05-14,21600,21800,21200,21400,767055,1,-0.143177,1.604099
2024-05-15,21500,22300,21400,22100,1975398,1,0.135674,1.739773
2024-05-16,23500,23500,21800,22000,930707,1,-0.102155,1.637618
2024-05-17,23200,23200,21600,21700,1190903,1,-0.141455,1.496163
2024-05-20,21700,22500,21700,22000,931567,1,-0.085951,1.410212
2024-05-21,22200,22600,21700,22500,2047901,1,0.258167,1.668379
2024-05-22,22500,23300,22100,22600,1282586,1,0.009244,1.677623
2024-05-23,22900,22900,22100,22600,853276,1,0.043394,1.721017
2024-05-24,20400,22900,20400,21500,2470277,1,-0.464367,1.25665
2024-05-27,21500,22100,21400,22100,598965,1,0.030745,1.287395
2024-05-28,22400,22400,21900,22100,448683,1,-0.010993,1.276402
2024-05-29,22100,22900,22000,22100,1515806,1,0.232658,1.50906
2024-05-30,22100,22100,21400,22100,1089615,1,-0.045213,1.463847
2024-05-31,22100,22700,21900,22600,961670,1,0.114786,1.578633
2024-06-03,22600,24100,22600,23400,2428586,1,0.48205,2.060683
2024-06-04,23500,23800,22800,22900,799923,1,-0.307905,1.752778
2024-06-05,23000,23200,22400,22400,1295637,1,-0.200435,1.552343
2024-06-06,22400,22700,21800,22300,1033249,1,-0.098045,1.454298
2024-06-07,22400,23000,22300,23000,884339,1,0.145555,1.599853
2024-06-10,23000,23100,22400,23000,547367,1,-0.130191,1.469662
2024-06-11,23000,23600,22900,23200,1278330,1,-0.262774,1.206888
2024-06-12,23300,23400,22700,23200,475634,1,-0.073536,1.133352
2024-06-13,23400,23500,22900,23100,417690,1,-0.053424,1.079928
2024-06-14,23100,23200,22500,22500,1340683,1,-0.130569,0.949359
2024-06-17,22500,22700,22100,22100,821532,1,-0.2426,0.706759
2024-06-18,21800,22900,21800,22900,518152,1,0.152698,0.859457
2024-06-19,22900,23900,22500,23200,1548233,1,0.129027,0.988484
2024-06-20,23200,23300,22700,23200,487754,1,-0.03072,0.957764
2024-06-21,23300,24000,23300,23700,1424781,1,0.210533,1.168297
2024-06-24,23700,23700,22600,22900,1433029,1,-0.536225,0.632072
2024-06-25,22900,23100,22500,23000,388696,1,-0.000356,0.631716
2024-06-26,23000,23000,22500,22900,625785,1,0.045857,0.677573
2024-06-27,22900,24200,22700,23500,1918211,1,0.775069,1.452642
2024-06-28,23800,23800,22500,22500,658075,1,-0.076683,1.375959
2024-07-01,22600,22700,21800,22300,1107101,1,-0.461135,0.914824
2024-07-02,22300,22500,22200,22300,454639,1,-0.112211,0.802613
2024-07-03,22400,23100,22400,22500,511477,1,0.128507,0.93112
2024-07-04,22600,22900,22500,22700,453371,1,0.014101,0.945221
2024-07-05,22700,23800,22700,23500,2027369,1,0.379835,1.325056
2024-07-09,25800,28300,25800,28300,4015841,1,2.8377,4.162756
2024-07-10,28600,30500,27800,28400,3861546,1,0.292,4.454756
2024-07-11,28500,29200,27700,27800,1609422,1,-0.2932,4.161556
2024-07-12,27800,28400,27500,28100,1122134,1,-0.0956,4.065956
2024-07-15,28500,29000,27900,28300,1255607,1,-0.1183,3.947656
2024-07-16,28400,28700,27000,27100,2371069,1,-0.5028,3.444856
2024-07-17,27100,27500,24400,24400,4312966,1,-1.6577,1.787156
2024-07-18,24500,26600,24400,26600,1560668,1,0.3844,2.171556
2024-07-19,26700,26800,25300,25700,1009358,1,-0.1755,1.996056
2024-07-22,26000,26000,23700,24000,1848568,1,-0.2514,1.744656
2024-07-23,24000,24600,22600,22800,2091407,1,-0.5515,1.193156
2024-07-24,22800,24600,22600,24300,1574038,1,0.1289,1.322056
2024-07-25,24500,25200,23800,24600,1358995,1,0.1381,1.460156
2024-07-26,24600,25000,24300,24800,859900,1,-0.0133,1.446856
2024-07-29,24800,26300,24800,26000,1757900,1,0.207,1.653856
2024-07-30,25700,26100,24900,25800,1609800,1,-0.4475,1.206356
2024-07-31,25800,25800,24800,24800,1043000,1,-0.2625,0.943856
2024-08-01,24800,25000,23000,23700,2074700,1,-0.6532,0.290656
2024-08-02,23000,25000,23000,24900,1160100,1,0.2729,0.563556
2024-08-05,25000,25000,22900,23100,1783300,1,-0.5411,0.022456
2024-08-06,23400,24300,23400,24100,1062900,1,-0.0783,-0.055844
2024-08-07,24100,24600,23200,24600,1575600,1,-0.0378,-0.093644
2024-08-08,24600,24600,23500,23800,907800,1,-0.2555,-0.349144
2024-08-09,23900,24500,23800,24300,840300,1,0.0609,-0.288244
2024-08-12,24000,25700,24000,25300,1743200,1,-0.0178,-0.306044
