t,o,h,l,c,v,pot,pot_ask,pot_bid
2024-02-15,12640,12930,12500,12640,7156579,1,-0.0934,-0.0934
2024-02-16,12640,12830,12590,12590,4932650,1,-1.2861,-1.3795
2024-02-19,12640,12690,12400,12500,5532162,1,-1.732,-3.1115
2024-02-20,12590,12830,12550,12640,5881718,1,-0.6159,-3.7274
2024-02-21,12740,12740,12500,12590,4880454,1,-0.0451,-3.7725
2024-02-22,12640,13170,12590,12880,12311835,1,2.5101,-1.2624
2024-02-23,12930,13070,12210,12260,9778908,1,-3.6912,-4.9536
2024-02-26,12310,12450,12160,12310,6192779,1,-0.0166,-4.9702
2024-02-27,12450,12640,12310,12590,7156986,1,0.3452,-4.625
2024-02-28,12690,12740,12450,12500,5173851,1,-1.0136,-5.6386
2024-02-29,12550,12640,12310,12400,6561794,1,-1.7192,-7.3578
2024-03-01,12500,13260,12360,13260,21751433,1,8.9903,1.6325
2024-03-04,13450,13500,13120,13210,6846933,1,-0.7495,0.883
2024-03-05,13170,13500,13120,13210,7515356,1,-1.0226,-0.1396
2024-03-06,13020,13170,12740,12880,12481786,1,-5.1354,-5.275
2024-03-07,12880,12980,12740,12930,6289940,1,-1.101,-6.376
2024-03-08,13020,13020,12500,12590,12824807,1,-3.6721,-10.0481
2024-03-11,12590,12930,12500,12590,5647895,1,0.1928,-9.8553
2024-03-12,12550,12740,12500,12550,4216657,1,-0.7156,-10.5709
2024-03-13,12590,13020,12590,12980,9494779,1,1.7101,-8.8608
2024-03-14,12880,13210,12880,13020,8503436,1,-0.202,-9.0628
2024-03-15,13070,13550,13070,13170,12455817,1,2.0296,-7.0332
2024-03-18,13170,13410,12450,12690,13366562,1,-4.3195,-11.3527
2024-03-19,12830,12980,12690,12740,5402759,1,-0.5888,-11.9415
2024-03-20,12740,12930,12550,12780,4955125,1,0.6918,-11.2497
2024-03-21,12980,13210,12880,13210,9027801,1,1.8376,-9.4121
2024-03-22,13410,13450,13070,13120,8374508,1,-1.2347,-10.6468
2024-03-25,13170,13830,13170,13410,14916914,1,1.1484,-9.4984
2024-03-26,13410,13500,13170,13450,4807684,1,-0.4494,-9.9478
2024-03-27,13640,13790,13360,13360,6488405,1,-1.6168,-11.5646
2024-03-28,13450,13450,13070,13070,8127882,1,-3.1125,-14.6771
2024-03-29,13120,13260,13020,13210,4109082,1,-1.4573,-16.1344
2024-04-01,13260,13790,13210,13500,12319940,1,0.766,-15.3684
2024-04-02,13450,13450,13210,13410,4983790,1,-0.406,-15.7744
2024-04-03,13500,13930,13210,13210,14328734,1,0.3893,-15.3851
2024-04-04,13260,13310,12930,13070,7944665,1,-2.6281,-18.0132
2024-04-05,12880,13070,12500,12500,8502002,1,-1.8923,-19.9055
2024-04-08,12640,12780,12500,12500,4315480,1,-1.0557,-20.9612
2024-04-09,12590,12740,12450,12740,3201917,1,-0.315,-21.2762
2024-04-10,12780,12830,12450,12450,3154464,1,-0.9334,-22.2096
2024-04-11,12310,12550,12210,12310,6597968,1,-0.415,-22.6246
2024-04-12,12400,12590,12400,12550,3511664,1,-0.6867,-23.3113
2024-04-15,12400,12640,11690,11690,8894945,1,-4.1475,-27.4588
2024-04-16,11500,11590,10920,11260,8795582,1,-2.1998,-29.6586
2024-04-17,11450,11450,10730,10730,3086526,1,-0.911,-30.5696
2024-04-19,10300,11210,10260,10780,5892175,1,0.7221,-29.8475
2024-04-22,11160,11160,10970,11120,2336690,1,0.07,-29.7775
2024-04-23,11070,11120,10690,10690,2701337,1,-0.8155,-30.593
2024-04-25,11260,11260,10970,11020,1871828,1,-0.319,-30.912
2024-04-26,10780,11120,10780,10970,1778860,1,-0.2627,-31.1747
2024-05-02,11210,11210,10920,11070,1845534,1,0.0624,-31.1123
2024-05-03,11160,11210,10970,10970,1788914,1,-0.3762,-31.4885
2024-05-06,11120,11350,11020,11310,3360560,1,0.7226,-30.7659
2024-05-07,11310,11400,11160,11260,2367343,1,0.2573,-30.5086
2024-05-08,11210,11350,11020,11350,3734567,1,-0.3458,-30.8544
2024-05-09,11450,11640,11260,11260,4260235,1,-0.0283,-30.8827
2024-05-10,11400,11400,11210,11310,2228308,1,-0.7382,-31.6209
2024-05-13,11310,11350,11120,11310,2251537,1,-0.4192,-32.0401
2024-05-14,11350,11400,11210,11210,1479631,1,-0.5689,-32.609
2024-05-15,11210,11400,11210,11350,2984402,1,0.1999,-32.4091
2024-05-16,11450,11640,11450,11500,4271445,1,0.6932,-31.7159
2024-05-17,11540,11590,11450,11540,3264532,1,-0.5809,-32.2968
2024-05-20,11640,11780,11540,11690,3745656,1,-0.6274,-32.9242
2024-05-21,11690,11740,11400,11540,3347351,1,-1.02,-33.9442
2024-05-22,11590,11640,11400,11400,4436137,1,-1.0577,-35.0019
2024-05-23,11400,11590,11310,11590,2847462,1,-0.2407,-35.2426
2024-05-24,11540,11640,11020,11210,5161659,1,-0.8716,-36.1142
2024-05-27,11260,11350,11070,11210,1776845,1,-0.3023,-36.4165
2024-05-28,11260,11450,11210,11400,2886309,1,0.393,-36.0235
2024-05-29,11400,11690,11310,11450,4299209,1,0.7621,-35.2614
2024-05-30,11310,11740,11310,11590,3978161,1,0.4844,-34.777
2024-05-31,11640,11690,11450,11450,1359853,1,-0.6067,-35.3837
2024-06-03,11640,11690,11500,11590,3164472,1,-0.6303,-36.014
2024-06-04,11590,11830,11540,11690,4468166,1,0.2985,-35.7155
2024-06-05,11780,11780,11540,11540,2890363,1,-0.5369,-36.2524
2024-06-06,11590,11830,11500,11540,3722701,1,-0.5517,-36.8041
2024-06-07,11690,11690,11500,11590,1474900,1,-0.1801,-36.9842
2024-06-10,11740,11740,11450,11500,2621433,1,-0.6201,-37.6043
2024-06-11,11540,11540,11310,11350,3033040,1,-0.9524,-38.5567
2024-06-12,11350,11540,11260,11540,2668334,1,-0.5482,-39.1049
2024-06-13,11590,11590,11450,11500,1587774,1,-0.2605,-39.3654
2024-06-14,11500,11740,11400,11400,5491112,1,0.7263,-38.6391
2024-06-17,11310,11400,11260,11310,2024200,1,-0.7019,-39.341
2024-06-18,11400,11450,11310,11400,1955220,1,-0.035,-39.376
2024-06-19,11400,11500,11260,11310,2631158,1,-0.382,-39.758
2024-06-20,11350,11350,11020,11210,3292013,1,-0.9672,-40.7252
2024-06-21,11160,11260,11020,11120,2134657,1,-0.8839,-41.6091
2024-06-24,11020,11350,10690,10690,3535612,1,-1.2581,-42.8672
2024-06-25,10730,10880,10690,10780,1138161,1,-0.1073,-42.9745
2024-06-26,10730,10880,10640,10730,1268270,1,-0.0484,-43.0229
2024-06-27,10730,10780,10640,10730,832918,1,-0.2783,-43.3012
2024-06-28,10730,10880,10450,10500,1307336,1,-0.5679,-43.8691
2024-07-01,10540,10780,10500,10780,996463,1,-0.2559,-44.125
2024-07-02,10730,10830,10690,10780,864969,1,-0.3911,-44.5161
2024-07-03,10780,10970,10730,10880,1282829,1,0.1566,-44.3595
2024-07-04,10880,10920,10730,10780,983172,1,-0.2208,-44.5803
2024-07-05,10880,10970,10780,10780,1409946,1,-0.2791,-44.8594
2024-07-08,10880,10920,10780,10830,1042069,1,0.0346,-44.8248
2024-07-09,10880,11070,10830,11070,2244779,1,0.2519,-44.5729
2024-07-10,11070,11120,10920,10920,1424444,1,-0.2353,-44.8082
2024-07-11,11020,11120,10970,10970,1366747,1,-0.0541,-44.8623
2024-07-12,11070,11120,10880,10970,1305182,1,-0.4814,-45.3437
2024-07-15,10970,11070,10970,11020,918626,1,-0.2369,-45.5806
2024-07-16,11070,11120,10970,10970,1355760,1,-0.4085,-45.9891
2024-07-17,11020,11070,10590,10690,2145215,1,-0.7447,-46.7338
2024-07-18,10730,10880,10640,10780,1080121,1,-0.4623,-47.1961
2024-07-19,10830,10880,10640,10690,1159091,1,-0.3797,-47.5758
2024-07-22,10780,10780,10450,10540,1850290,1,-0.5345,-48.1103
2024-07-23,10590,10640,10300,10300,1454323,1,-0.4074,-48.5177
2024-07-24,10260,10500,10070,10500,1364496,1,-0.1721,-48.6898
2024-07-25,10500,10540,10260,10350,999513,1,-0.2405,-48.9303
2024-07-26,10450,10640,10400,10540,1381735,1,-0.241,-49.1713
2024-07-29,10640,10690,10540,10540,632958,1,-0.0651,-49.2364
2024-07-30,10590,10690,10450,10540,1722392,1,0.1003,-49.1361
2024-07-31,10640,10730,10540,10590,1422422,1,-0.3648,-49.5009
2024-08-01,10640,10690,10300,10400,1655658,1,-0.5987,-50.0996
2024-08-02,10500,10500,10150,10450,1444839,1,-0.0966,-50.1962
2024-08-05,10100,10350,9720,9720,2876021,1,-0.8591,-51.0553
2024-08-06,9730,9950,9600,9950,2035692,1,0.1986,-50.8567
2024-08-07,10000,10000,9800,9830,1112188,1,-0.0723,-50.929
2024-08-08,9860,10500,9850,10400,4826248,1,0.7897,-50.1393
2024-08-09,10400,10500,10250,10400,1125792,1,-0.0764,-50.2157
2024-08-12,10400,10750,10300,10600,3179932,1,0.2626,-49.9531
