t,o,h,l,c,v,pot,pot_ask,pot_bid
2024-02-15,10500,10800,10500,10700,245145,1,0.064245,0.064245
2024-02-16,10700,10900,10700,10800,242502,1,-0.098428,-0.034183
2024-02-19,10800,11000,10700,10900,381000,1,-0.1358,-0.169983
2024-02-20,10900,11500,10800,11400,939184,1,0.030376,-0.139607
2024-02-21,11400,11600,11300,11500,512018,1,0.226428,0.086821
2024-02-22,11500,11600,11300,11500,424319,1,0.100111,0.186932
2024-02-23,11500,11500,11100,11100,582811,1,-0.102771,0.084161
2024-02-26,11100,11300,11000,11200,446149,1,-0.116731,-0.03257
2024-02-27,11300,11500,11200,11500,454289,1,0.150111,0.117541
2024-02-28,11600,12000,11500,11700,790195,1,0.095857,0.213398
2024-02-29,11700,11800,11500,11600,529427,1,0.022093,0.235491
2024-03-01,11700,11800,11600,11700,287671,1,-0.062031,0.17346
2024-03-04,11800,12000,11700,11900,389696,1,0.030576,0.204036
2024-03-05,12000,12000,11700,11700,294113,1,0.016615,0.220651
2024-03-06,11700,11800,11500,11600,517971,1,-0.184681,0.03597
2024-03-07,11600,11900,11500,11800,487076,1,0.152206,0.188176
2024-03-08,11900,12000,11600,11700,494118,1,0.114382,0.302558
2024-03-11,11700,11900,11400,11500,432275,1,-0.115941,0.186617
2024-03-12,11600,11600,11400,11500,333291,1,0.025891,0.212508
2024-03-13,11500,11900,11500,11900,656028,1,0.121338,0.333846
2024-03-14,11900,12200,11900,12200,1048671,1,0.283671,0.617517
2024-03-15,12200,12400,12100,12100,447728,1,-0.037994,0.579523
2024-03-18,12100,12300,11400,11600,967747,1,-0.181461,0.398062
2024-03-19,11700,11700,11500,11700,236558,1,-0.094558,0.303504
2024-03-20,11900,11900,11600,11800,187262,1,-0.007006,0.296498
2024-03-21,11900,12100,11700,12000,463878,1,0.076548,0.373046
2024-03-22,12000,12100,11800,11900,341213,1,-0.050789,0.322257
2024-03-25,11900,12000,11500,11600,364160,1,-0.08516,0.237097
2024-03-26,11600,11800,11600,11800,260505,1,-0.029179,0.207918
2024-03-27,11800,11900,11700,11800,186487,1,-0.010027,0.197891
2024-03-28,11900,11900,11800,11800,149105,1,-0.061201,0.13669
2024-03-29,11800,12000,11700,11900,292895,1,0.100245,0.236935
2024-04-01,11900,12700,11800,12700,918753,1,0.413119,0.650054
2024-04-02,12500,12500,12100,12300,1099622,1,0.103678,0.753732
2024-04-03,12100,12200,11900,11900,656811,1,-0.175299,0.578433
2024-04-04,12000,12000,11500,11700,736310,1,-0.341934,0.236499
2024-04-05,11600,11700,11400,11600,385715,1,-0.041315,0.195184
2024-04-08,11600,11700,11100,11100,327744,1,0.053224,0.248408
2024-04-09,11100,11400,11100,11300,267470,1,-0.02845,0.219958
2024-04-10,11400,11400,11000,11000,249006,1,0.045396,0.265354
2024-04-11,11100,11200,10800,11200,263053,1,-0.008453,0.256901
2024-04-12,11200,11400,11200,11300,202622,1,0.066978,0.323879
2024-04-15,11300,11300,10200,10200,418007,1,-0.016703,0.307176
2024-04-16,10000,10400,9800,10100,393102,1,-0.040534,0.266642
2024-04-17,10200,10400,10100,10100,123461,1,-0.031221,0.235421
2024-04-19,10200,10200,9800,10000,221441,1,-0.017153,0.218268
2024-04-22,10100,10200,9800,10100,138172,1,0.035066,0.253334
2024-04-23,10000,10100,9100,9600,106477,1,-0.056467,0.196867
2024-04-25,10200,10200,10000,10100,46948,1,0.014472,0.211339
2024-04-26,9900,10100,9900,10100,57510,1,0.032692,0.244031
2024-05-02,10100,10200,9900,10100,84707,1,0.006207,0.250238
2024-05-03,10100,10200,10000,10100,91311,1,-0.053011,0.197227
2024-05-06,10100,10200,9900,10200,268342,1,0.00388,0.201107
2024-05-07,10300,10300,10100,10100,80650,1,-0.03808,0.163027
2024-05-08,10200,10200,10000,10200,180362,1,-0.063244,0.099783
2024-05-09,9600,10300,9600,10200,102951,1,-0.036251,0.063532
2024-05-10,10200,10200,9900,10100,216801,1,0.021199,0.084731
2024-05-13,10100,10100,10000,10000,86577,1,0.003157,0.087888
2024-05-14,10000,10200,10000,10200,136050,1,-0.00895,0.078938
2024-05-15,10200,10300,10100,10200,189167,1,-0.014499,0.064439
2024-05-16,10300,10400,10200,10400,167030,1,-0.01957,0.044869
2024-05-17,10400,10900,10300,10900,474279,1,0.122919,0.167788
2024-05-20,10800,11100,10700,10700,176063,1,-0.026337,0.141451
2024-05-21,10800,10800,10400,10700,314166,1,-0.110416,0.031035
2024-05-22,10500,10900,10500,10700,344020,1,0.12742,0.158455
2024-05-23,10800,10900,10600,10700,255987,1,-0.037773,0.120682
2024-05-24,10700,10700,10200,10400,427700,1,-0.0623,0.058382
2024-05-27,10400,10600,10300,10500,161200,1,0.0068,0.065182
2024-05-28,10600,10700,10500,10700,245420,1,0.01858,0.083762
2024-05-29,10700,10800,10600,10800,335669,1,0.034737,0.118499
2024-05-30,10800,10800,10400,10700,220401,1,-0.028799,0.0897
2024-05-31,10700,10800,10600,10800,296755,1,-0.039845,0.049855
2024-06-03,10800,11400,10700,11300,839107,1,0.323145,0.373
2024-06-04,11300,11300,11100,11100,203433,1,-0.107609,0.265391
2024-06-05,11200,11200,11000,11100,240952,1,-0.139726,0.125665
2024-06-06,11100,11300,11000,11100,333035,1,-0.079079,0.046586
2024-06-07,11100,11400,11100,11300,225261,1,0.094239,0.140825
2024-06-10,11300,11600,11300,11300,360018,1,0.055418,0.196243
2024-06-11,11300,11500,11100,11300,206742,1,-0.05266,0.143583
2024-06-12,11200,11300,11100,11300,125745,1,0.007681,0.151264
2024-06-13,11300,11500,11200,11300,277906,1,-0.121104,0.03016
2024-06-14,11300,11400,11100,11100,215114,1,-0.01557,0.01459
2024-06-17,11100,11200,11000,11100,247835,1,-0.014565,2.5e-05
2024-06-18,11000,11300,11000,11200,172202,1,-0.007002,-0.006977
2024-06-19,11200,11600,11100,11400,388754,1,0.05649,0.049513
2024-06-20,11400,12500,11400,12500,2684547,1,0.614443,0.663956
2024-06-21,12500,12800,12300,12400,734859,1,0.124755,0.788711
2024-06-24,12300,12600,11800,11800,1160992,1,-0.017746,0.770965
2024-06-25,11600,12100,11500,12000,310111,1,0.061101,0.832066
2024-06-26,12000,12800,11900,12300,740681,1,-0.063107,0.768959
2024-06-27,12200,12500,11800,12100,323203,1,-0.050801,0.718158
2024-06-28,12100,12300,11500,11500,713390,1,-0.368442,0.349716
2024-07-01,11500,11800,11400,11800,260326,1,-0.059926,0.28979
2024-07-02,11800,11900,11700,11800,143457,1,0.018653,0.308443
2024-07-03,11900,12100,11900,12100,486548,1,-0.09766,0.210783
2024-07-04,12100,12200,12000,12000,282198,1,-0.081948,0.128835
2024-07-05,12000,12300,11800,12100,394330,1,-0.08787,0.040965
2024-07-08,12100,12400,11900,12400,548117,1,0.2242,0.265165
2024-07-09,12400,12900,12400,12600,1047119,1,-0.2647,0.000465
2024-07-10,12500,12600,12200,12300,386122,1,-0.1049,-0.104435
2024-07-11,12300,12700,12300,12400,385439,1,-0.006,-0.110435
2024-07-12,12400,12500,12100,12300,242200,1,-0.0546,-0.165035
2024-07-15,12300,12300,12000,12100,393321,1,-0.1752,-0.340235
2024-07-16,10900,12300,10900,11800,604800,1,-0.2552,-0.595435
2024-07-17,11800,12100,11300,11400,606945,1,-0.1644,-0.759835
2024-07-18,11300,11700,11300,11500,220320,1,-0.1449,-0.904735
2024-07-19,11300,11300,10700,10700,818931,1,-0.2706,-1.175335
2024-07-22,10700,10900,10200,10700,568172,1,-0.2037,-1.379035
2024-07-23,10500,10600,10000,10000,501993,1,-0.1399,-1.518935
2024-07-24,9900,10300,9800,10300,243713,1,-0.0028,-1.521735
2024-07-25,10200,10300,10100,10200,65209,1,-0.0065,-1.528235
2024-07-26,10300,10400,10000,10300,184600,1,0.04,-1.488235
2024-07-29,10300,10400,9800,9900,395700,1,0.0303,-1.457935
2024-07-30,9900,10000,9300,9400,706500,1,-0.285,-1.742935
2024-07-31,9400,9700,9400,9600,147700,1,-0.042,-1.784935
2024-08-01,9500,9600,9100,9100,260400,1,-0.148,-1.932935
2024-08-02,9100,9200,8900,9200,256900,1,-0.045,-1.977935
2024-08-05,9200,9200,8600,8700,208800,1,-0.0959,-2.073835
2024-08-06,8600,8900,8600,8800,223500,1,0.0605,-2.013335
2024-08-07,8900,9000,8800,8900,104800,1,0.0362,-1.977135
2024-08-08,8900,9000,8600,8800,84900,1,-0.0378,-2.014935
2024-08-09,8800,9100,8800,9100,98800,1,0.0217,-1.993235
2024-08-12,9100,9300,9100,9100,159600,1,-0.03,-2.023235
