t,o,h,l,c,v,pot,pot_ask,pot_bid
2024-02-15,24700,25100,24500,24750,8191622,1,0.0873,0.0873
2024-02-16,24750,24900,24550,24600,5651064,1,-1.4628,-1.3755
2024-02-19,24700,25000,24150,24450,11087788,1,-1.7674,-3.1429
2024-02-20,24550,24550,24250,24300,6171216,1,-2.3835,-5.5264
2024-02-21,24450,24450,24000,24050,8482957,1,-1.7159,-7.2423
2024-02-22,24050,24200,23800,23800,7751525,1,-2.3461,-9.5884
2024-02-23,23850,24100,23350,23350,10103830,1,-2.6065,-12.1949
2024-02-26,23350,23850,23250,23700,7557606,1,-0.3263,-12.5212
2024-02-27,23850,24550,23800,24100,11221564,1,2.5158,-10.0054
2024-02-28,24100,24300,23900,24150,6537275,1,-0.3685,-10.3739
2024-02-29,24250,24250,23800,23950,8668906,1,-2.8246,-13.1985
2024-03-01,24000,24200,23800,24150,5940036,1,0.2748,-12.9237
2024-03-04,24400,24950,24300,24450,16305689,1,3.4409,-9.4828
2024-03-05,24500,24900,24300,24650,11435523,1,0.654,-8.8288
2024-03-06,24650,24750,24200,24600,8106858,1,-1.5187,-10.3475
2024-03-07,24600,24750,24300,24550,7819988,1,-1.152,-11.4995
2024-03-08,24700,24700,23950,23950,13919952,1,-5.9347,-17.4342
2024-03-11,23950,23950,23450,23600,6991645,1,-3.1076,-20.5418
2024-03-12,23600,23750,23500,23500,6015813,1,-1.8002,-22.342
2024-03-13,23500,24400,23450,24200,10828913,1,0.368,-21.974
2024-03-14,24300,24350,23900,24050,6976092,1,-1.6457,-23.6197
2024-03-15,24000,24700,23750,24450,10666917,1,0.5138,-23.1059
2024-03-18,24650,24700,22900,23700,10743712,1,-2.7909,-25.8968
2024-03-19,23950,25350,23650,25200,29224858,1,2.3267,-23.5701
2024-03-20,25200,25200,24800,25150,7796806,1,-0.1117,-23.6818
2024-03-21,25350,26150,25100,25350,16721173,1,1.0699,-22.6119
2024-03-22,25600,25900,24850,25500,17507970,1,-2.8854,-25.4973
2024-03-25,25600,26300,25100,25300,11826392,1,-2.4676,-27.9649
2024-03-26,25300,26000,25000,26000,7788601,1,-0.1439,-28.1088
2024-03-27,26450,26750,25900,26000,11729135,1,-1.1689,-29.2777
2024-03-28,26100,26200,25750,26100,6877964,1,-1.8137,-31.0914
2024-03-29,26050,26100,25600,25650,6195973,1,-2.1511,-33.2425
2024-04-01,25550,25750,25300,25750,7179492,1,-1.8174,-35.0599
2024-04-02,25500,26200,25200,26150,10511377,1,0.2224,-34.8375
2024-04-03,26250,26250,25500,25500,8562525,1,-3.5553,-38.3928
2024-04-04,25350,25600,25150,25150,6781913,1,-2.02,-40.4128
2024-04-05,24800,25150,24450,24450,10303410,1,-1.8909,-42.3037
2024-04-08,24500,25000,24350,24600,4891421,1,-0.063,-42.3667
2024-04-09,24600,25100,24600,25100,3881869,1,-0.1368,-42.5035
2024-04-10,25200,25200,24800,24800,3048395,1,-0.7552,-43.2587
2024-04-11,24400,25950,24400,25750,9936531,1,2.6062,-40.6525
2024-04-12,25900,25950,25600,25850,6563591,1,0.1145,-40.538
2024-04-15,25700,26350,24050,24050,19274338,1,-2.3208,-42.8588
2024-04-16,24050,24250,22900,23650,10340963,1,-2.7871,-45.6459
2024-04-17,23800,24100,23000,23000,8459511,1,-1.2148,-46.8607
2024-04-19,22500,23200,21950,21950,12117231,1,-2.1718,-49.0325
2024-04-22,22500,22900,22250,22850,5581367,1,-0.6671,-49.6996
2024-04-23,22900,22900,21300,21300,8109409,1,-3.3098,-53.0094
2024-04-25,22350,22400,21800,22000,4573183,1,-1.6916,-54.701
2024-04-26,21800,22400,21550,21900,4580073,1,-0.639,-55.34
2024-05-02,22200,22800,21850,22700,4195549,1,1.5569,-53.7831
2024-05-03,22800,23200,22600,22800,5926629,1,0.1645,-53.6186
2024-05-06,23200,23750,22950,23400,7372768,1,1.3912,-52.2274
2024-05-07,23400,23800,23200,23550,6173048,1,0.2446,-51.9828
2024-05-08,23500,24150,22950,23750,8652108,1,-0.1908,-52.1736
2024-05-09,24000,24050,23550,23750,4591925,1,-0.3587,-52.5323
2024-05-10,23900,23900,23350,23900,4560814,1,-0.3502,-52.8825
2024-05-13,24000,24500,23800,24000,7365778,1,0.7057,-52.1768
2024-05-14,24100,24300,23900,24050,3518716,1,0.2108,-51.966
2024-05-15,24050,24700,24050,24500,7609799,1,1.4513,-50.5147
2024-05-16,24800,24950,24400,24550,5056535,1,-1.3847,-51.8994
2024-05-17,24600,24800,24200,24800,6192679,1,0.2752,-51.6242
2024-05-20,25200,25700,24900,25200,11399474,1,0.9395,-50.6847
2024-05-21,25050,25150,24700,25000,7035287,1,-1.0071,-51.6918
2024-05-22,25100,25350,24550,24900,8620246,1,-1.9225,-53.6143
2024-05-23,24800,25600,24700,25600,8426043,1,0.5701,-53.0442
2024-05-24,25600,25800,24150,24800,12117311,1,-4.7534,-57.7976
2024-05-27,24600,24900,24600,24900,4306909,1,-0.6565,-58.4541
2024-05-28,25250,25250,24850,25050,4432313,1,-0.1424,-58.5965
2024-05-29,25250,25600,24750,24750,8006366,1,-1.0396,-59.6361
2024-05-30,24400,24650,24150,24350,6992127,1,-1.9268,-61.5629
2024-05-31,24500,24700,24300,24400,4893788,1,-0.7305,-62.2934
2024-06-03,24750,25000,24550,24850,4358599,1,-0.4512,-62.7446
2024-06-04,25000,26200,24950,25500,15697872,1,3.2276,-59.517
2024-06-05,25700,25950,25350,25500,6110507,1,-0.0906,-59.6076
2024-06-06,25600,26250,25400,25700,7366808,1,0.8646,-58.743
2024-06-07,25700,25900,25300,25700,5025670,1,-1.827,-60.57
2024-06-10,25800,26500,25450,26500,9625614,1,1.9302,-58.6398
2024-06-11,26700,27100,26200,26550,11202158,1,-0.9939,-59.6337
2024-06-12,26500,26700,26150,26550,7473046,1,-1.1099,-60.7436
2024-06-13,26600,26800,26400,26600,4414877,1,-0.6422,-61.3858
2024-06-14,26700,27150,25700,25700,9942378,1,-1.351,-62.7368
2024-06-17,25700,27200,25450,26800,15859043,1,4.6592,-58.0776
2024-06-18,26800,27000,26600,26600,3687635,1,-0.4523,-58.5299
2024-06-19,26600,26950,26350,26500,5468986,1,-1.0995,-59.6294
2024-06-20,26500,26550,25650,26100,10313865,1,-4.3703,-63.9997
2024-06-21,26100,26350,25400,25400,9262839,1,-2.6307,-66.6304
2024-06-24,25000,25400,24200,24200,13105527,1,-5.1032,-71.7336
2024-06-25,24300,25200,24250,24700,5718346,1,0.1755,-71.5581
2024-06-26,24700,25100,24150,24900,4359222,1,-0.9011,-72.4592
2024-06-27,25000,25000,24400,24650,2754818,1,-0.5703,-73.0295
2024-06-28,24500,24700,23500,23550,7179728,1,-2.5839,-75.6134
2024-07-01,23600,24100,23550,23950,3308275,1,-0.164,-75.7774
2024-07-02,24000,24800,24000,24800,4674211,1,0.6105,-75.1669
2024-07-03,24850,25100,24800,24800,3179211,1,-0.1136,-75.2805
2024-07-04,24900,25100,24500,24800,3077246,1,-0.8548,-76.1353
2024-07-05,24850,24900,24400,24550,3233954,1,-0.6369,-76.7722
2024-07-08,24750,25350,24600,25250,5831175,1,0.7491,-76.0231
2024-07-09,25500,25600,25100,25400,4790484,1,0.1209,-75.9022
2024-07-10,25700,26050,25300,25350,6955979,1,-0.0386,-75.9408
2024-07-11,25500,25600,25000,25000,4529490,1,-1.4796,-77.4204
2024-07-12,25050,25850,24700,25700,7814551,1,-0.5498,-77.9702
2024-07-15,25900,25900,25300,25700,2559506,1,-1.0029,-78.9731
2024-07-16,25550,25800,25200,25400,3744166,1,-1.159,-80.1321
2024-07-17,25400,25500,23900,24800,7250316,1,-3.274,-83.4061
2024-07-18,24800,25200,24200,25200,4778394,1,-0.0589,-83.465
2024-07-19,25000,25050,24300,24300,4214499,1,-1.9826,-85.4476
2024-07-22,24300,24300,23000,23550,7216011,1,-2.9359,-88.3835
2024-07-23,23550,23800,23000,23000,4312355,1,-1.3862,-89.7697
2024-07-24,22900,23500,22350,23400,3897448,1,-0.5348,-90.3045
2024-07-25,23150,23400,22700,23200,2464410,1,-0.8955,-91.2
2024-07-26,23450,23450,23100,23350,1534800,1,-0.2029,-91.4029
2024-07-29,23600,23950,23500,23600,3790100,1,0.0886,-91.3143
2024-07-30,23950,23950,23150,23500,3534700,1,-1.4424,-92.7567
2024-07-31,23700,23700,22150,22600,6504700,1,-2.1925,-94.9492
2024-08-01,22650,22700,21050,21200,9741200,1,-3.8782,-98.8274
2024-08-02,21000,22150,20900,21800,4247600,1,0.191,-98.6364
2024-08-05,21000,21500,20300,20300,9066600,1,-3.4469,-102.0833
2024-08-06,20700,20950,20300,20750,3477600,1,0.0888,-101.9945
2024-08-07,20750,20900,20400,20850,2487500,1,-0.132,-102.1265
2024-08-08,20500,21100,20200,20800,3108100,1,-0.9368,-103.0633
2024-08-09,20900,21250,20800,21250,2953500,1,0.774,-102.2893
2024-08-12,21150,21400,20800,21200,1858500,1,-0.4566,-102.7459
