t,o,h,l,c,v,pot,pot_ask,pot_bid
2024-02-15,39350,39450,38810,38910,2564842,1,-0.7446,-0.7446
2024-02-16,38910,39750,38860,38860,3022240,1,-0.5056,-1.2502
2024-02-19,39050,39050,38260,38310,4675852,1,-1.5656,-2.8158
2024-02-20,38460,38860,38310,38510,1907908,1,0.1606,-2.6552
2024-02-21,38360,39250,38260,38560,2313764,1,-0.3472,-3.0024
2024-02-22,38460,38810,38460,38560,1394200,1,-0.4614,-3.4638
2024-02-23,38660,38660,37080,37270,4644245,1,-1.9588,-5.4226
2024-02-26,37220,37320,36680,36980,2492285,1,-0.4132,-5.8358
2024-02-27,37080,38260,37080,38060,2350941,1,0.2411,-5.5947
2024-02-28,38260,38310,37570,37770,1743399,1,-0.7096,-6.3043
2024-02-29,38060,39250,37720,39150,8046380,1,2.1627,-4.1416
2024-03-01,39350,39500,38860,39450,3457391,1,-0.0569,-4.1985
2024-03-04,40340,42170,40290,42170,13282134,1,3.8493,-0.3492
2024-03-05,42270,42960,41820,41970,5506700,1,-1.0682,-1.4174
2024-03-06,41920,43400,41230,42510,5956642,1,-0.0282,-1.4456
2024-03-07,42170,42960,41920,42420,5087652,1,-0.6988,-2.1444
2024-03-08,42810,42810,41330,41430,6651107,1,-1.7723,-3.9167
2024-03-11,41430,42610,40930,41430,4202094,1,-0.4729,-4.3896
2024-03-12,41430,42370,41130,42020,5983673,1,0.3847,-4.0049
2024-03-13,42420,44240,42120,44000,6059792,1,1.3708,-2.6341
2024-03-14,44100,44150,43010,44100,4186307,1,-0.716,-3.3501
2024-03-15,44000,44390,41080,43350,5215003,1,-0.4038,-3.7539
2024-03-18,43900,44640,40340,42320,9003327,1,-2.2609,-6.0148
2024-03-19,42420,42710,41530,41530,3575172,1,-1.0138,-7.0286
2024-03-20,41920,42320,41180,42320,3241269,1,0.0395,-6.9891
2024-03-21,42810,43500,42120,42810,3429999,1,0.0178,-6.9713
2024-03-22,42910,43450,42420,42960,4163175,1,-0.9773,-7.9486
2024-03-25,42960,43950,42760,43160,4384012,1,-0.8147,-8.7633
2024-03-26,43010,44240,42510,43800,3713527,1,-0.0005,-8.7638
2024-03-27,44190,44190,43210,43700,2986574,1,0.087,-8.6768
2024-03-28,44190,44190,42960,43310,2823688,1,-1.2597,-9.9365
2024-03-29,43310,43450,42810,42860,2305087,1,-0.4598,-10.3963
2024-04-01,42960,43750,42710,43310,4083953,1,0.2968,-10.0995
2024-04-02,43260,43950,42760,43950,3332136,1,0.2956,-9.8039
2024-04-03,43950,45630,43800,44190,6288717,1,0.4801,-9.3238
2024-04-04,44000,45330,43450,44050,4318670,1,0.063,-9.2608
2024-04-05,43600,44890,43210,43210,4365025,1,-0.0846,-9.3454
2024-04-08,43110,43750,42510,42660,2450779,1,-0.4206,-9.766
2024-04-09,42760,42960,41570,42660,3564148,1,-1.0559,-10.8219
2024-04-10,43010,43060,42020,42020,1492299,1,-0.3069,-11.1288
2024-04-11,41620,42270,41570,41820,1813664,1,-0.1838,-11.3126
2024-04-12,42370,42370,41620,42270,2145691,1,-0.2528,-11.5654
2024-04-15,41870,42370,39350,39350,4560446,1,-1.9886,-13.554
2024-04-16,39350,39350,37470,38860,4056559,1,-0.9362,-14.4902
2024-04-17,38950,38950,37570,37570,2794811,1,-0.7219,-15.2121
2024-04-19,36580,37030,35350,35590,4700652,1,-0.9628,-16.1749
2024-04-22,36190,36780,35890,36680,3084506,1,0.4301,-15.7448
2024-04-23,36580,36780,35590,35590,3280919,1,-1.2101,-16.9549
2024-04-25,38060,38060,36930,37470,2728510,1,-0.5658,-17.5207
2024-04-26,37130,37770,36930,37470,2927729,1,0.0195,-17.5012
2024-05-02,37420,38810,36430,38810,2941472,1,0.274,-17.2272
2024-05-03,38810,40340,38360,40340,4882328,1,-0.4446,-17.6718
2024-05-06,39750,40540,39750,40140,2171113,1,-0.0228,-17.6946
2024-05-07,40340,40930,40190,40730,2250163,1,-0.1322,-17.8268
2024-05-08,40040,40540,39450,40540,2522860,1,-0.3454,-18.1722
2024-05-09,40590,40930,39890,40340,2203931,1,0.1081,-18.0641
2024-05-10,40190,41530,39990,40880,3634965,1,0.6721,-17.392
2024-05-13,41530,41530,40830,41080,1559437,1,-0.1887,-17.5807
2024-05-14,41030,41280,40640,41230,1784647,1,-0.2572,-17.8379
2024-05-15,41230,42020,40730,41920,2823413,1,0.385,-17.4529
2024-05-16,41970,43500,41970,43500,4603410,1,1.6353,-15.8176
2024-05-17,43110,43500,42560,43500,3150991,1,0.5738,-15.2438
2024-05-20,43850,43850,43160,43160,2939622,1,-0.7847,-16.0285
2024-05-21,43060,43850,42960,43600,2914625,1,0.3327,-15.6958
2024-05-22,43600,44740,43600,44590,4383870,1,0.891,-14.8048
2024-05-23,44390,45380,43600,45380,3221134,1,0.1779,-14.6269
2024-05-24,44740,45330,42220,43400,4662562,1,-1.5251,-16.152
2024-05-27,43400,43700,42510,43400,1562390,1,0.2447,-15.9073
2024-05-28,43400,44050,43110,43700,2198475,1,-0.3082,-16.2155
2024-05-29,43900,44600,43500,44400,2841706,1,0.1305,-16.085
2024-05-30,43350,44050,42950,43700,1729122,1,-0.4154,-16.5004
2024-05-31,43200,44400,43200,44000,2649954,1,0.5956,-15.9048
2024-06-03,44150,45050,44000,45000,4511460,1,1.1726,-14.7322
2024-06-04,45200,45200,44500,44950,1915434,1,-0.647,-15.3792
2024-06-05,44950,45000,43800,43850,3605294,1,-1.2379,-16.6171
2024-06-06,44000,44000,42500,42500,3259694,1,-1.0001,-17.6172
2024-06-07,42950,43100,42050,42650,2838772,1,-0.1708,-17.788
2024-06-10,42800,43200,42300,42800,2276085,1,0.0391,-17.7489
2024-06-11,43000,43200,42500,43000,1521386,1,-0.0396,-17.7885
2024-06-12,44500,44500,42850,43500,2105890,1,0.3535,-17.435
2024-06-13,43500,44350,43500,44100,2434532,1,0.5709,-16.8641
2024-06-14,43950,44050,42100,42100,2053134,1,-0.8414,-17.7055
2024-06-17,42100,42300,41000,41000,3707787,1,-1.0466,-18.7521
2024-06-18,41600,41850,41200,41750,1597552,1,0.1418,-18.6103
2024-06-19,42300,42300,41150,41800,1807729,1,0.016,-18.5943
2024-06-20,41300,41900,41000,41200,2169092,1,-0.2649,-18.8592
2024-06-21,41200,41450,40900,40900,2393220,1,0.1593,-18.6999
2024-06-24,40850,41550,39800,40750,5572978,1,-1.2715,-19.9714
2024-06-25,40700,41600,40650,41600,2062203,1,-0.0097,-19.9811
2024-06-26,41350,41600,40650,41600,2363730,1,-0.412,-20.3931
2024-06-27,41000,42000,40850,42000,1631231,1,0.2377,-20.1554
2024-06-28,41950,41950,40500,41400,1895906,1,-0.6204,-20.7758
2024-07-01,41400,42900,41050,41800,1225129,1,0.0503,-20.7255
2024-07-02,42000,43250,41600,43150,3277890,1,1.1006,-19.6249
2024-07-03,43200,43300,42800,43000,1343638,1,-0.1117,-19.7366
2024-07-04,43000,43150,42700,43000,1871797,1,-0.1777,-19.9143
2024-07-05,43000,44000,42850,44000,6040032,1,1.6718,-18.2425
2024-07-08,44400,45000,43500,44100,3539044,1,0.2321,-18.0104
2024-07-09,44600,44600,43300,43400,2323871,1,-0.5251,-18.5355
2024-07-10,43500,43650,42950,42950,2442817,1,-0.7076,-19.2431
2024-07-11,43400,44200,42750,43000,3941180,1,-1.089,-20.3321
2024-07-12,43050,43700,42800,43000,1908181,1,0.2568,-20.0753
2024-07-15,43050,43900,43050,43800,2179753,1,-0.2657,-20.341
2024-07-16,43800,44600,43800,44000,4015678,1,0.3565,-19.9845
2024-07-17,44150,44150,41000,42000,4112655,1,-1.4301,-21.4146
2024-07-18,42000,42450,41000,42300,1545580,1,-0.6194,-22.034
2024-07-19,42100,42200,41000,41050,1490486,1,-0.5828,-22.6168
2024-07-22,40800,41050,39100,41000,2269543,1,-0.3332,-22.95
2024-07-23,41000,41600,40550,41100,2051671,1,0.0156,-22.9344
2024-07-24,40800,42200,40500,42000,1800335,1,0.2687,-22.6657
2024-07-25,41900,41900,41100,41550,1049323,1,-0.0457,-22.7114
2024-07-26,41900,41950,41350,41750,612000,1,0.0684,-22.643
2024-07-29,42000,42250,41500,41550,986700,1,-0.0377,-22.6807
2024-07-30,41400,42450,41400,41800,2514200,1,0.2829,-22.3978
2024-07-31,42150,42150,41150,41150,789200,1,-0.1806,-22.5784
2024-08-01,41200,41400,39000,39300,2999600,1,-1.2112,-23.7896
2024-08-02,39000,39700,38100,39500,1771100,1,-0.0952,-23.8848
2024-08-05,39450,39450,37100,37800,2529900,1,-0.8369,-24.7217
2024-08-06,38000,39200,37900,39200,1558100,1,0.4965,-24.2252
2024-08-07,39000,39250,38650,39150,761300,1,-0.0255,-24.2507
2024-08-08,38900,38900,38000,38100,1449300,1,-0.3062,-24.5569
2024-08-09,38400,39000,37950,39000,834700,1,0.0499,-24.507
2024-08-12,38900,39100,38450,38950,928100,1,0.0199,-24.4871
