t,o,h,l,c,v,pot,pot_ask,pot_bid
2024-02-15,14640,14780,14510,14640,2295880,1,0.4695,0.4695
2024-02-16,14640,14690,14380,14460,3443287,1,-0.2154,0.2541
2024-02-19,14460,14460,14110,14330,2319471,1,-0.6411,-0.387
2024-02-20,14380,14640,14380,14460,2321091,1,0.1542,-0.2328
2024-02-21,14460,14550,14290,14380,1625847,1,-0.0344,-0.2672
2024-02-22,14330,14730,14330,14550,4086225,1,0.3776,0.1104
2024-02-23,14550,14640,14150,14240,3542573,1,-1.3823,-1.2719
2024-02-26,14240,14910,14150,14870,4692042,1,2.2345,0.9626
2024-02-27,14910,14960,14730,14870,2894603,1,-0.0422,0.9204
2024-02-28,14960,15310,14870,15180,9056994,1,4.1114,5.0318
2024-02-29,15180,15450,15000,15050,4904144,1,0.0305,5.0623
2024-03-01,15180,15630,15130,15180,5818541,1,0.1685,5.2308
2024-03-04,15360,15400,15000,15180,2898772,1,-1.0702,4.1606
2024-03-05,15180,15220,14820,15180,4022686,1,0.1056,4.2662
2024-03-06,15220,15360,14870,14910,2672454,1,-0.7251,3.5411
2024-03-07,14910,15630,14910,15450,8282514,1,0.4702,4.0113
2024-03-08,15490,15630,15180,15180,5693177,1,-1.0371,2.9742
2024-03-11,15180,15180,14730,14870,4436580,1,-1.8651,1.1091
2024-03-12,14870,14960,14780,14960,3778620,1,-0.8269,0.2822
2024-03-13,15090,15980,14960,15980,11547272,1,5.5391,5.8213
2024-03-14,16250,16610,15850,16340,13146971,1,1.1762,6.9975
2024-03-15,16250,16340,15670,16070,6185791,1,-0.2691,6.7284
2024-03-18,15980,16250,14960,15270,7681288,1,-2.5826,4.1458
2024-03-19,15310,15400,14960,15000,2475280,1,-0.8308,3.315
2024-03-20,15000,15450,14960,15360,2617410,1,-0.223,3.092
2024-03-21,15670,15850,15400,15540,3340887,1,-0.1994,2.8926
2024-03-22,15720,15850,15360,15580,4167345,1,-0.7176,2.175
2024-03-25,15580,15890,15450,15490,4731030,1,-1.5341,0.6409
2024-03-26,15360,15670,15180,15670,2338232,1,0.1829,0.8238
2024-03-27,15800,15940,15490,15720,2376493,1,-0.7756,0.0482
2024-03-28,15890,16030,15540,15940,4991942,1,-0.2338,-0.1856
2024-03-29,16070,16070,15580,15580,3268411,1,-0.6943,-0.8799
2024-04-01,15540,15720,15360,15630,2600506,1,-0.2529,-1.1328
2024-04-02,15450,15670,15310,15670,3051589,1,-0.6159,-1.7487
2024-04-03,15720,15890,15270,15360,4619571,1,-0.8604,-2.6091
2024-04-04,15360,15450,15050,15090,2696216,1,-0.5714,-3.1805
2024-04-05,14960,15000,14290,14290,4109306,1,-0.5293,-3.7098
2024-04-08,14330,14600,14290,14290,2564251,1,-0.167,-3.8768
2024-04-09,14460,14730,14290,14690,1957280,1,0.1816,-3.6952
2024-04-10,14780,14780,14380,14380,1439431,1,-0.5705,-4.2657
2024-04-11,14290,14460,14110,14420,2139396,1,0.1723,-4.0934
2024-04-12,14550,14690,14290,14550,2056293,1,0.0,-4.0934
2024-04-15,14510,14640,13570,13570,4327900,1,-1.6651,-5.7585
2024-04-16,13480,13710,12900,13350,3774965,1,-0.5568,-6.3153
2024-04-17,13480,13480,12680,12680,2790008,1,-0.8317,-7.147
2024-04-19,12410,12720,11920,12280,4236494,1,-0.5947,-7.7417
2024-04-22,12630,13130,12410,13130,4865369,1,1.9741,-5.7676
2024-04-23,12950,13130,12590,12680,1444422,1,-0.511,-6.2786
2024-04-25,13040,13080,12770,12900,1112668,1,-0.1498,-6.4284
2024-04-26,12680,13040,12680,12770,1065758,1,-0.0694,-6.4978
2024-05-02,12860,12860,12500,12680,1342910,1,-0.3118,-6.8096
2024-05-03,12810,12900,12680,12680,1025300,1,-0.1158,-6.9254
2024-05-06,12810,13390,12720,13300,2555552,1,0.9651,-5.9603
2024-05-07,13350,13350,13080,13260,1184991,1,-0.2206,-6.1809
2024-05-08,13130,13300,13040,13130,1845235,1,-0.0116,-6.1925
2024-05-09,13170,13300,12990,13040,1114745,1,-0.3059,-6.4984
2024-05-10,13080,13210,12950,13210,1235864,1,-0.0202,-6.5186
2024-05-13,13210,13480,13130,13260,3776133,1,-0.5055,-7.0241
2024-05-14,13210,13390,13170,13260,2132822,1,-0.0678,-7.0919
2024-05-15,13260,13880,13260,13530,7605350,1,2.2875,-4.8044
2024-05-16,13570,13800,13530,13570,2121904,1,-0.4006,-5.205
2024-05-17,13570,13880,13530,13620,2468385,1,-0.1824,-5.3874
2024-05-20,13880,13880,13620,13620,2716900,1,-0.9685,-6.3559
2024-05-21,13480,13570,13300,13530,3210805,1,-1.0284,-7.3843
2024-05-22,13530,13970,13530,13660,5889092,1,0.5654,-6.8189
2024-05-23,13620,14110,13530,14060,6974614,1,1.9563,-4.8626
2024-05-24,13840,14060,13210,13480,3850813,1,-1.502,-6.3646
2024-05-27,13440,13570,13390,13480,1667679,1,-0.6466,-7.0112
2024-05-28,13620,14290,13480,14200,9114730,1,2.0146,-4.9966
2024-05-29,14200,14820,13930,14510,8721665,1,2.048,-2.9486
2024-05-30,14290,15050,14290,14910,13995093,1,5.494,2.5454
2024-05-31,14910,15180,14460,14510,7687461,1,0.0289,2.5743
2024-06-03,14780,14780,14510,14550,4259160,1,-0.4845,2.0898
2024-06-04,14600,14780,14380,14380,5622366,1,-1.401,0.6888
2024-06-05,14420,14780,14420,14420,4414996,1,-0.5689,0.1199
2024-06-06,14550,14690,14290,14550,3971419,1,-0.9381,-0.8182
2024-06-07,14640,14690,14510,14600,3106832,1,0.5657,-0.2525
2024-06-10,14730,15050,14640,14870,7565707,1,-0.0023,-0.2548
2024-06-11,14820,14870,14510,14730,3726774,1,-1.2018,-1.4566
2024-06-12,14730,15180,14730,14870,5798402,1,0.2761,-1.1805
2024-06-13,14960,15000,14550,14640,5477853,1,-0.5586,-1.7391
2024-06-14,14900,15000,14350,14350,5894725,1,-1.4122,-3.1513
2024-06-17,14300,14350,13950,14000,3344780,1,-0.6244,-3.7757
2024-06-18,14100,14250,14050,14100,1453104,1,-0.0131,-3.7888
2024-06-19,14100,14250,13900,14050,2854423,1,-0.1891,-3.9779
2024-06-20,14000,14100,13550,13800,3755063,1,-0.8988,-4.8767
2024-06-21,13850,13950,13650,13900,1783255,1,-0.3058,-5.1825
2024-06-24,13700,13900,12950,13100,5632011,1,-1.397,-6.5795
2024-06-25,13200,13250,13000,13150,1675186,1,0.0838,-6.4957
2024-06-26,13200,13300,12950,13100,1735262,1,0.0555,-6.4402
2024-06-27,13050,13100,12950,13000,1585852,1,0.2737,-6.1665
2024-06-28,13050,13100,12600,12600,2042259,1,-0.5547,-6.7212
2024-07-01,12650,12950,12600,12850,1703589,1,0.4449,-6.2763
2024-07-02,13000,13200,12950,13150,1083291,1,0.2975,-5.9788
2024-07-03,13200,13300,13100,13150,633293,1,-0.1051,-6.0839
2024-07-04,13150,13400,13150,13200,1245624,1,-0.0569,-6.1408
2024-07-05,13200,13250,13000,13050,1052434,1,-0.3446,-6.4854
2024-07-08,13100,13550,13100,13300,3962055,1,0.0742,-6.4112
2024-07-09,13400,13550,13200,13500,2284881,1,0.5074,-5.9038
2024-07-10,13450,13600,13200,13250,1696404,1,-0.4711,-6.3749
2024-07-11,13350,13500,13300,13400,1963864,1,0.4702,-5.9047
2024-07-12,13400,13500,13100,13150,1609799,1,-0.3382,-6.2429
2024-07-15,13150,13400,13150,13200,1148568,1,0.0151,-6.2278
2024-07-16,13150,13350,13150,13150,1544974,1,-0.2055,-6.4333
2024-07-17,13300,13300,12250,12800,2425884,1,-0.52,-6.9533
2024-07-18,12900,13000,12600,13000,1084202,1,-0.0556,-7.0089
2024-07-19,12900,13100,12700,12900,1767742,1,-0.9193,-7.9282
2024-07-22,12950,13250,12850,13050,2719331,1,0.227,-7.7012
2024-07-23,13200,13300,12700,12800,1504410,1,0.0114,-7.6898
2024-07-24,12700,13000,12300,12950,2042104,1,0.2286,-7.4612
2024-07-25,12900,12900,12550,12700,617368,1,-0.1667,-7.6279
2024-07-26,12750,12900,12750,12850,832200,1,0.1326,-7.4953
2024-07-29,13000,13100,12900,13000,1554200,1,0.1631,-7.3322
2024-07-30,13000,13050,12700,12700,1261500,1,-0.1674,-7.4996
2024-07-31,12850,13100,12700,13000,3338200,1,0.2693,-7.2303
2024-08-01,13000,13000,12300,12600,1723100,1,-0.8449,-8.0752
2024-08-02,12500,12950,12100,12800,1634300,1,0.0044,-8.0708
2024-08-05,12300,12600,12100,12100,2406300,1,-0.9751,-9.0459
2024-08-06,12250,12550,11900,12500,3325700,1,0.9712,-8.0747
2024-08-07,12500,12550,12250,12300,1123800,1,-0.0243,-8.099
2024-08-08,12300,12400,12050,12200,1212800,1,-0.3047,-8.4037
2024-08-09,12350,12700,12250,12650,2687400,1,-0.0201,-8.4238
2024-08-12,12700,12750,12350,12650,1805300,1,-0.2609,-8.6847
