t,o,h,l,c,v,pot,pot_ask,pot_bid
2024-02-15,53800,55500,53300,54000,843352,1,0.0333,0.0333
2024-02-16,54100,56500,54100,55300,512193,1,0.1823,0.2156
2024-02-19,55900,58000,55500,56200,875001,1,-0.0186,0.197
2024-02-20,56200,56400,55200,56000,511683,1,-0.096,0.101
2024-02-21,56400,56800,55700,56400,435762,1,-0.0743,0.0267
2024-02-22,56800,57300,56100,56400,348826,1,-0.0365,-0.0098
2024-02-23,56500,56800,55000,55100,565013,1,-0.2781,-0.2879
2024-02-26,55100,56600,55100,55700,727379,1,0.1335,-0.1544
2024-02-27,56700,56800,55900,56400,430998,1,-0.0238,-0.1782
2024-02-28,56400,57500,56200,56800,433400,1,0.0888,-0.0894
2024-02-29,57200,57200,55300,55700,750170,1,-0.1636,-0.253
2024-03-01,55600,56500,55500,56400,567082,1,-0.0212,-0.2742
2024-03-04,56700,57300,56200,56500,892304,1,-0.1318,-0.406
2024-03-05,56500,56600,55900,56000,434107,1,-0.1568,-0.5628
2024-03-06,56000,56000,55000,55200,545819,1,-0.2427,-0.8055
2024-03-07,55200,55800,54900,55100,495602,1,-0.1403,-0.9458
2024-03-08,55500,56600,54800,56200,835530,1,0.1121,-0.8337
2024-03-11,56200,60100,56200,58800,1827998,1,0.3566,-0.4771
2024-03-12,58800,61800,58200,60300,1027112,1,0.2745,-0.2026
2024-03-13,60100,61200,59700,60000,1074927,1,-0.1951,-0.3977
2024-03-14,59800,60200,58600,58900,1396198,1,-0.3016,-0.6993
2024-03-15,58900,62800,58900,61300,1319038,1,0.4272,-0.2721
2024-03-18,62100,62200,58000,60500,1485094,1,-0.2238,-0.4959
2024-03-19,60600,64500,60000,64500,1791350,1,0.5104,0.0145
2024-03-20,64500,64500,62400,64000,601838,1,-0.0954,-0.0809
2024-03-21,64099,64200,62700,63900,746661,1,-0.2367,-0.3176
2024-03-22,63500,64500,62500,64000,1322036,1,-0.1503,-0.4679
2024-03-25,63500,64800,62200,62500,430141,1,-0.242,-0.7099
2024-03-26,63000,64800,62300,64099,671078,1,0.2954,-0.4145
2024-03-27,64099,64500,63100,64099,327649,1,-0.0969,-0.5114
2024-03-28,64099,64400,63500,63600,550471,1,-0.0205,-0.5319
2024-03-29,64000,65900,63800,63900,952947,1,0.1239,-0.408
2024-04-01,63500,64000,62900,63500,685504,1,0.1103,-0.2977
2024-04-02,63400,64599,62200,64400,878032,1,0.3908,0.0931
2024-04-03,64300,64300,63100,63800,737170,1,-0.2574,-0.1643
2024-04-04,62700,63800,62600,62600,507357,1,-0.0357,-0.2
2024-04-05,62500,62500,60500,60500,806740,1,-0.1732,-0.3732
2024-04-08,60200,60500,59600,59800,384399,1,-0.0897,-0.4629
2024-04-09,59800,60300,59000,60300,901144,1,0.1399,-0.323
2024-04-10,60600,60600,59400,59400,234498,1,-0.0385,-0.3615
2024-04-11,58200,60200,58100,58900,600438,1,-0.1495,-0.511
2024-04-12,59800,60100,58800,60000,353930,1,0.0054,-0.5056
2024-04-15,59400,60600,55800,56000,702759,1,-0.2804,-0.786
2024-04-16,56000,56200,54000,56000,760055,1,-0.0607,-0.8467
2024-04-17,56700,56700,54300,54300,298586,1,-0.0907,-0.9374
2024-04-19,53000,55400,52700,55100,553971,1,-0.0699,-1.0073
2024-04-22,54500,55200,54000,54200,460134,1,-0.0931,-1.1004
2024-04-23,53600,54500,53200,53400,180826,1,-0.0894,-1.1898
2024-04-25,55100,57000,54600,57000,589351,1,-0.1108,-1.3006
2024-04-26,56100,57800,55800,56500,424521,1,-0.0833,-1.3839
2024-05-02,57000,58000,56500,58000,257090,1,0.0679,-1.316
2024-05-03,58500,58500,57400,57800,395652,1,0.0324,-1.2836
2024-05-06,57800,59300,57800,58600,415892,1,-0.0562,-1.3398
2024-05-07,58600,59900,58600,59300,314562,1,0.0744,-1.2654
2024-05-08,59100,59300,57600,58900,425741,1,-0.0587,-1.3241
2024-05-09,59500,59900,58000,58900,276421,1,-0.0131,-1.3372
2024-05-10,58800,59400,58100,59400,178884,1,-0.055,-1.3922
2024-05-13,59400,59500,58000,58500,225673,1,-0.0812,-1.4734
2024-05-14,58500,60300,58500,60200,597480,1,0.1085,-1.3649
2024-05-15,60600,61000,60200,60600,407912,1,0.0138,-1.3511
2024-05-16,60700,61400,60600,61000,418457,1,-0.0385,-1.3896
2024-05-17,61000,61500,60200,60400,528517,1,0.0377,-1.3519
2024-05-20,61200,61300,59900,60000,439888,1,-0.1067,-1.4586
2024-05-21,59900,60800,59800,60800,360977,1,0.0002,-1.4584
2024-05-22,61000,61300,59700,59800,351973,1,-0.1065,-1.5649
2024-05-23,59100,60100,59100,60100,472891,1,0.02,-1.5449
2024-05-24,59900,61400,59300,60200,694947,1,-0.1079,-1.6528
2024-05-27,60000,62400,60000,61800,1016744,1,0.0954,-1.5574
2024-05-28,62000,62500,61600,62200,597435,1,0.0818,-1.4756
2024-05-29,62200,63300,61000,61200,1027138,1,0.002,-1.4736
2024-05-30,60900,62200,60000,62200,632512,1,-0.0348,-1.5084
2024-05-31,62200,62200,61800,62100,464001,1,0.0072,-1.5012
2024-06-03,62500,63700,62000,63100,1029230,1,0.3281,-1.1731
2024-06-04,62900,63900,62500,62500,492458,1,-0.0021,-1.1752
2024-06-05,63200,63600,62200,62500,413357,1,0.0117,-1.1635
2024-06-06,62600,62600,61000,61500,248466,1,-0.1316,-1.2951
2024-06-07,61500,63200,61500,62200,276825,1,0.0012,-1.2939
2024-06-10,63200,64800,62500,64000,755644,1,0.1766,-1.1173
2024-06-11,64000,64500,62900,63000,226937,1,-0.0647,-1.182
2024-06-12,62900,63000,62000,62400,239379,1,-0.0514,-1.2334
2024-06-13,63000,63000,62000,62400,275199,1,-0.1313,-1.3647
2024-06-14,62400,63100,61000,61000,332511,1,-0.1452,-1.5099
2024-06-17,61200,61200,59400,59400,453001,1,-0.168,-1.6779
2024-06-18,59900,61300,59500,60900,367762,1,0.0587,-1.6192
2024-06-19,60900,61200,60600,60700,138452,1,-0.0381,-1.6573
2024-06-20,61000,61200,60300,60700,149715,1,-0.0725,-1.7298
2024-06-21,60700,61500,60500,60900,179638,1,0.0063,-1.7235
2024-06-24,61300,61300,59000,59000,302442,1,-0.1731,-1.8966
2024-06-25,59000,59600,58900,59000,136029,1,-0.0716,-1.9682
2024-06-26,59000,60700,59000,60600,240583,1,0.0249,-1.9433
2024-06-27,60400,61000,60300,60700,135618,1,-0.0188,-1.9621
2024-06-28,60600,60600,59200,60600,265521,1,-0.0319,-1.994
2024-07-01,60600,60600,59800,60500,98497,1,0.004,-1.99
2024-07-02,60700,61000,60400,61000,142985,1,-0.008,-1.998
2024-07-03,61000,62300,61000,61800,700712,1,0.0321,-1.9659
2024-07-04,62000,62000,61600,61700,178620,1,-0.0269,-1.9928
2024-07-05,61700,62000,60600,61400,422455,1,-0.275,-2.2678
2024-07-09,63300,64800,62800,64099,904996,1,0.0183,-2.2495
2024-07-10,63900,63900,62600,62600,280523,1,-0.1242,-2.3737
2024-07-11,62500,62700,61000,61000,644761,1,-0.2637,-2.6374
2024-07-12,61000,61900,60300,61300,307309,1,-0.0939,-2.7313
2024-07-15,61800,61800,60800,61800,165004,1,-0.0697,-2.801
2024-07-16,61700,62100,61100,61800,285911,1,0.0021,-2.7989
2024-07-17,61800,62000,57500,58400,477265,1,-0.2052,-3.0041
2024-07-18,58300,59500,58000,59500,316437,1,-0.0673,-3.0714
2024-07-19,59700,59700,57900,58100,225658,1,-0.0625,-3.1339
2024-07-22,57900,58000,56800,57600,449507,1,-0.1169,-3.2508
2024-07-23,58000,58000,56600,56600,152789,1,-0.0668,-3.3176
2024-07-24,55500,56800,55200,56700,184368,1,-0.0325,-3.3501
2024-07-25,56600,56700,55800,56100,62301,1,-0.0285,-3.3786
2024-07-26,56100,57600,56100,57600,97800,1,-0.0236,-3.4022
2024-07-29,57600,58300,57600,58300,176500,1,-0.0055,-3.4077
2024-07-30,58300,58300,57200,57300,146000,1,-0.0472,-3.4549
2024-07-31,57800,57800,56700,57100,154700,1,-0.0962,-3.5511
2024-08-01,57800,57800,54200,54200,311900,1,-0.1492,-3.7003
2024-08-02,54200,55500,53800,55500,178200,1,-0.0271,-3.7274
2024-08-05,54200,55300,53600,53700,140500,1,-0.0531,-3.7805
2024-08-06,54000,55500,53700,55200,234900,1,0.116,-3.6645
2024-08-07,55200,55200,54300,55000,83000,1,-0.0031,-3.6676
2024-08-08,54900,54900,54300,54700,78600,1,-0.0229,-3.6905
2024-08-09,55900,56000,55000,55800,136000,1,0.045,-3.6455
2024-08-12,56400,56500,55600,55700,53000,1,-0.0149,-3.6604
