t,o,h,l,c,v,pot,pot_ask,pot_bid
2024-02-15,91160,91660,89470,90360,887014,1,-0.2807,-0.2807
2024-02-16,90360,90360,89570,89970,464012,1,-0.0059,-0.2866
2024-02-19,90070,90360,88180,88180,1071980,1,-0.2053,-0.4919
2024-02-20,88180,89270,87680,88180,743801,1,-0.0083,-0.5002
2024-02-21,88280,88280,87080,87580,1231197,1,-0.3621,-0.8623
2024-02-22,87480,89070,87480,89070,809660,1,0.039,-0.8233
2024-02-23,89370,89370,87180,87280,1196815,1,-0.451,-1.2743
2024-02-26,87280,88570,86880,87980,1104952,1,0.0483,-1.226
2024-02-27,88470,89370,87980,89370,1549072,1,0.1289,-1.0971
2024-02-28,89570,90260,88970,89670,953606,1,0.0221,-1.075
2024-02-29,90070,91260,89070,89870,1237817,1,-0.1627,-1.2377
2024-03-01,89870,95830,89770,95140,4278014,1,1.5972,0.3595
2024-03-04,95140,96030,94340,95040,1305085,1,0.0318,0.3913
2024-03-05,95330,97220,95040,96230,1859864,1,0.0343,0.4256
2024-03-06,96230,96230,93450,94440,1587208,1,-0.5774,-0.1518
2024-03-07,94740,96330,94240,95930,1919577,1,0.4323,0.2805
2024-03-08,96330,98020,95040,95930,3267549,1,0.1874,0.4679
2024-03-11,96230,100300,96030,98420,2940034,1,0.9063,1.3742
2024-03-12,98910,99210,96920,98420,1342569,1,-0.174,1.2002
2024-03-13,98420,102190,97720,100900,2398222,1,0.6977,1.8979
2024-03-15,100100,100400,97700,99500,1637629,1,-0.4322,1.4657
2024-03-18,98500,98500,92800,97300,3244920,1,-0.7901,0.6756
2024-03-19,96100,97000,94500,96500,1914152,1,-0.5684,0.1072
2024-03-20,96000,98400,95100,98200,2096682,1,0.1776,0.2848
2024-03-21,99200,100400,98100,98700,1677783,1,0.0357,0.3205
2024-03-22,99000,99000,97000,98500,1655407,1,-0.0525,0.268
2024-03-25,98300,98300,96000,96000,1406858,1,-0.4319,-0.1639
2024-03-26,96200,97500,95900,97400,1274302,1,0.556,0.3921
2024-03-27,98000,98100,96500,97500,1408179,1,0.2434,0.6355
2024-03-28,97600,97800,96900,97700,976152,1,0.0165,0.652
2024-03-29,98000,100600,98000,98900,2761127,1,0.1152,0.7672
2024-04-01,99000,99400,97600,98900,1090273,1,0.2264,0.9936
2024-04-02,98800,99000,97400,99000,1395275,1,0.144,1.1376
2024-04-03,99300,100400,97000,97000,1995217,1,-0.3548,0.7828
2024-04-04,96800,97900,96600,97500,774839,1,0.1413,0.9241
2024-04-05,96300,97200,96300,96900,719219,1,-0.0463,0.8778
2024-04-08,97000,97200,95500,95500,793778,1,-0.0199,0.8579
2024-04-09,95500,97200,95400,97000,1078215,1,0.0729,0.9308
2024-04-10,97600,101000,97200,100600,3230457,1,0.9632,1.894
2024-04-11,99900,100100,99000,100000,785721,1,0.0732,1.9672
2024-04-12,100700,104000,100700,103100,1982233,1,0.4815,2.4487
2024-04-15,103000,103000,96500,96500,1958393,1,-0.2427,2.206
2024-04-16,96900,97200,92400,95900,2420525,1,-0.6459,1.5601
2024-04-17,96800,96800,92100,92500,1765886,1,-0.5269,1.0332
2024-04-19,91500,92700,89200,91500,1682671,1,-0.319,0.7142
2024-04-22,92000,93500,91400,93400,1425801,1,0.0625,0.7767
2024-04-23,93300,93300,90900,92500,1594303,1,-0.4402,0.3365
2024-04-25,93500,94200,93000,94200,1082298,1,-0.2035,0.133
2024-04-26,93800,95100,92500,95000,1655153,1,0.2544,0.3874
2024-05-02,94900,96200,94200,96100,1162015,1,0.2127,0.6001
2024-05-03,96600,96800,95300,96500,2371476,1,-0.133,0.4671
2024-05-06,96500,96600,95300,95900,1020857,1,0.1506,0.6177
2024-05-07,96300,99200,95500,98000,2603395,1,0.6893,1.307
2024-05-08,98000,98100,96800,97600,1035182,1,-0.3081,0.9989
2024-05-09,97600,98100,96000,96500,1102918,1,-0.1702,0.8287
2024-05-10,97500,98300,96400,97500,2298594,1,0.1583,0.987
2024-05-13,98400,98400,96600,97200,565431,1,-0.1987,0.7883
2024-05-14,97900,97900,95500,96400,1344493,1,-0.3927,0.3956
2024-05-15,97000,97000,95900,96700,1184303,1,-0.1748,0.2208
2024-05-16,97300,97700,96700,97200,1125741,1,-0.1371,0.0837
2024-05-17,97400,99500,97000,99100,2417381,1,0.5907,0.6744
2024-05-20,99700,99700,97400,97400,1393331,1,-0.6,0.0744
2024-05-21,98500,100900,98000,98000,2641869,1,0.11,0.1844
2024-05-22,98600,98600,96500,98100,1586028,1,-0.6865,-0.5021
2024-05-23,98100,98100,96100,98100,1368838,1,-0.2348,-0.7369
2024-05-24,97000,97300,94200,94900,2856613,1,-0.9133,-1.6502
2024-05-27,95000,95200,93500,94200,754595,1,-0.1591,-1.8093
2024-05-28,94200,95000,94100,94900,890637,1,0.0041,-1.8052
2024-05-29,94900,94900,93300,93300,1178712,1,-0.3934,-2.1986
2024-05-30,92700,92900,91500,92900,2228919,1,-0.0157,-2.2143
2024-05-31,92900,93900,92600,93900,1190651,1,-0.1437,-2.358
2024-06-03,94000,94200,92700,93600,1705647,1,-0.5841,-2.9421
2024-06-04,93600,95300,93500,94800,1670250,1,0.3035,-2.6386
2024-06-05,95000,95400,94100,94400,1423938,1,-0.4903,-3.1289
2024-06-06,96000,96000,94000,95000,1573596,1,0.2099,-2.919
2024-06-07,95400,95400,93700,94600,942772,1,-0.4938,-3.4128
2024-06-10,94000,94800,94000,94600,701303,1,0.071,-3.3418
2024-06-11,94700,95200,94200,94300,904080,1,-0.2196,-3.5614
2024-06-12,94300,96900,94200,96900,1521535,1,0.5483,-3.0131
2024-06-13,97400,97400,96300,97300,867726,1,-0.0079,-3.021
2024-06-14,97300,97300,95800,95800,838223,1,-0.3154,-3.3364
2024-06-17,95500,96000,94500,96000,922065,1,-0.2531,-3.5895
2024-06-18,96000,97000,96000,96600,663858,1,0.0485,-3.541
2024-06-19,96600,96800,95500,96800,508914,1,-0.0167,-3.5577
2024-06-20,96500,98700,96500,97800,1411414,1,0.2193,-3.3384
2024-06-21,98500,98500,97700,97700,909393,1,-0.1039,-3.4423
2024-06-24,97700,97900,94800,97300,1429381,1,-0.5134,-3.9557
2024-06-25,96400,96900,96000,96500,447261,1,-0.1957,-4.1514
2024-06-26,96300,96500,94600,96100,958862,1,-0.3705,-4.5219
2024-06-27,96000,96000,93800,95500,1038399,1,-0.286,-4.8079
2024-06-28,95400,95500,93500,95500,800460,1,-0.2504,-5.0583
2024-07-01,95000,95400,93500,94000,501471,1,0.0015,-5.0568
2024-07-02,94200,95600,94000,95000,800901,1,0.0627,-4.9941
2024-07-03,95600,95600,94100,94600,862773,1,0.221,-4.7731
2024-07-04,95000,96100,94500,94900,1049295,1,0.0681,-4.705
2024-07-05,95000,95400,94200,95000,753029,1,-0.1152,-4.8202
2024-07-09,95400,98900,95100,98700,3959376,1,0.5909,-4.2293
2024-07-10,98800,99000,97700,98000,1000925,1,-0.2039,-4.4332
2024-07-11,98500,98900,97100,97400,1314591,1,-0.3169,-4.7501
2024-07-12,97800,97800,96600,97700,1185796,1,-0.2429,-4.993
2024-07-15,98000,98000,96900,97700,930463,1,0.0275,-4.9655
2024-07-16,98000,99400,97100,97100,1567826,1,-0.2606,-5.2261
2024-07-17,97500,97800,93600,95900,1429413,1,-0.4605,-5.6866
2024-07-18,95600,96000,93800,96000,1139081,1,-0.3798,-6.0664
2024-07-19,96000,96100,94900,95700,654456,1,-0.1088,-6.1752
2024-07-22,95000,95600,93800,94200,811601,1,-0.2326,-6.4078
2024-07-23,94300,95500,93600,93800,967213,1,-0.0765,-6.4843
2024-07-24,93800,95400,92500,94800,1226452,1,-0.1829,-6.6672
2024-07-25,94100,94900,94100,94800,280377,1,-0.037,-6.7042
2024-07-26,95300,96200,94900,96200,608300,1,0.1509,-6.5533
2024-07-29,96700,96800,96000,96800,417800,1,-0.0202,-6.5735
2024-07-30,96500,98000,96000,96900,773400,1,-0.0387,-6.6122
2024-07-31,97300,97300,96300,97100,762200,1,-0.0654,-6.6776
2024-08-01,96500,99300,95600,97800,2463900,1,0.0013,-6.6763
2024-08-02,95600,99000,95600,99000,1826200,1,0.0058,-6.6705
2024-08-05,96900,98000,93500,95200,1921400,1,-0.6386,-7.3091
2024-08-06,95300,95700,93900,95600,641000,1,0.0355,-7.2736
2024-08-07,96500,96500,94100,95500,281300,1,-0.0501,-7.3237
2024-08-08,94700,95500,94200,94300,468500,1,-0.1678,-7.4915
2024-08-09,95200,95700,94500,95600,415200,1,0.0633,-7.4282
2024-08-12,95600,97000,95300,97000,561000,1,-0.0973,-7.5255
