t,o,h,l,c,v,pot,pot_ask,pot_bid
2024-02-15,48440,50490,48440,49890,1291392,1,0.4712,0.4712
2024-02-16,49890,51180,49890,50230,891768,1,-0.022,0.4492
2024-02-19,50490,50750,49980,50660,1088195,1,-0.2058,0.2434
2024-02-20,50750,50750,50060,50320,626086,1,-0.1659,0.0775
2024-02-21,50320,51690,50060,51520,1074514,1,0.2074,0.2849
2024-02-22,51600,51600,50920,51000,466586,1,-0.1418,0.1431
2024-02-23,51090,51350,50060,50060,1051386,1,-0.3539,-0.2108
2024-02-26,50410,50410,49630,49720,840189,1,-0.3634,-0.5742
2024-02-27,50320,50750,49890,50580,655015,1,0.0041,-0.5701
2024-02-28,50920,52460,50660,52370,1565959,1,0.1451,-0.425
2024-02-29,52370,53230,52200,52370,981417,1,-0.1288,-0.5538
2024-03-01,52370,53830,52370,53310,1219253,1,-0.0812,-0.635
2024-03-04,53310,54080,52890,53230,1404079,1,-0.2743,-0.9093
2024-03-05,53310,54260,52970,54170,1129980,1,0.0445,-0.8648
2024-03-06,54000,54080,53230,53400,757384,1,-0.2969,-1.1617
2024-03-07,53310,54000,53230,53910,1108310,1,-0.0969,-1.2586
2024-03-08,53910,55280,53740,54000,1690974,1,-0.2532,-1.5118
2024-03-11,53910,53910,52540,53060,1057379,1,-0.3824,-1.8942
2024-03-12,53060,53830,52720,53060,1020734,1,-0.1881,-2.0823
2024-03-13,53570,54940,53310,54430,1471115,1,0.2843,-1.798
2024-03-14,54940,55450,54510,55030,1257473,1,-0.0072,-1.8052
2024-03-15,55200,55200,53910,54770,809650,1,-0.1989,-2.0041
2024-03-18,54770,54770,51860,52800,1555213,1,-0.508,-2.5121
2024-03-19,53400,53400,52370,52890,905943,1,-0.4534,-2.9655
2024-03-20,52970,53310,52290,53140,823360,1,-0.1808,-3.1463
2024-03-21,53830,54000,53140,53830,968157,1,-0.0479,-3.1942
2024-03-22,54680,55540,54080,54860,1680649,1,0.2039,-2.9903
2024-03-25,54860,55800,54080,54340,1017832,1,-0.2254,-3.2157
2024-03-26,54340,55200,54170,54860,705759,1,0.0437,-3.172
2024-03-27,55200,55200,54510,54680,640155,1,-0.0238,-3.1958
2024-03-28,54940,55030,54510,54680,516396,1,-0.1297,-3.3255
2024-03-29,54680,55280,54430,54600,884521,1,0.0985,-3.227
2024-04-01,54600,54940,53570,54170,1105427,1,-0.1477,-3.3747
2024-04-02,54340,54860,53910,54860,987871,1,0.2642,-3.1105
2024-04-03,54940,55710,54340,54510,1182227,1,-0.3338,-3.4443
2024-04-04,54340,54510,53740,53830,943695,1,-0.3216,-3.7659
2024-04-05,53740,54170,53570,53570,620751,1,-0.0783,-3.8442
2024-04-08,53400,53660,52890,53490,760638,1,-0.1401,-3.9843
2024-04-09,53660,53910,53490,53740,486954,1,-0.0513,-4.0356
2024-04-10,53910,54080,53570,53570,560158,1,-0.0646,-4.1002
2024-04-11,53060,53830,53060,53830,849092,1,-0.1973,-4.2975
2024-04-12,54350,54700,53920,54610,641959,1,0.1163,-4.1812
2024-04-15,54090,54610,52870,52960,1364392,1,-0.1538,-4.335
2024-04-16,53130,53310,51920,52520,1127709,1,-0.304,-4.639
2024-04-17,52870,53220,52180,52180,676496,1,-0.0765,-4.7155
2024-04-19,51390,52180,50180,50440,1577895,1,-0.336,-5.0515
2024-04-22,50700,51830,50610,51220,880026,1,0.0426,-5.0089
2024-04-23,50960,51390,50610,50780,816436,1,-0.3836,-5.3925
2024-04-25,52350,52350,51570,52180,615280,1,-0.0381,-5.4306
2024-04-26,52000,53740,51570,53570,1228590,1,0.3317,-5.0989
2024-05-02,53220,55830,53050,55830,2466357,1,1.0031,-4.0958
2024-05-03,55830,57310,55830,57310,3665401,1,0.284,-3.8118
2024-05-06,57650,57650,56610,56780,1613605,1,0.0873,-3.7245
2024-05-07,57310,57310,56350,56520,1419900,1,-0.2871,-4.0116
2024-05-08,57050,57920,56260,57740,3578672,1,-0.0828,-4.0944
2024-05-09,58520,58700,57220,57390,1332458,1,-0.3433,-4.4377
2024-05-10,57650,57830,56520,57390,1203649,1,-0.1732,-4.6109
2024-05-13,57920,59130,57310,58260,1528399,1,0.1871,-4.4238
2024-05-14,58870,58870,57740,57920,592918,1,-0.2027,-4.6265
2024-05-15,57920,58440,57740,57920,1107509,1,-0.2265,-4.853
2024-05-16,58610,60000,58000,59650,1738682,1,0.5637,-4.2893
2024-05-17,59920,60000,59130,59130,1483345,1,-0.2457,-4.535
2024-05-20,59480,59650,58350,58700,1281576,1,-0.3548,-4.8898
2024-05-21,59800,59900,58700,59200,1070162,1,-0.0546,-4.9444
2024-05-22,59100,59800,58900,59200,668317,1,-0.2214,-5.1658
2024-05-23,59100,61700,58600,61500,2223278,1,0.4749,-4.6909
2024-05-24,61600,61600,59600,60800,1416788,1,-0.4322,-5.1231
2024-05-27,61000,62200,60500,62200,1002470,1,0.1893,-4.9338
2024-05-28,62500,63500,62000,63300,1048638,1,0.082,-4.8518
2024-05-29,63500,63500,61800,62000,754618,1,-0.2128,-5.0646
2024-05-30,61500,62000,61100,62000,1136145,1,-0.2495,-5.3141
2024-05-31,62400,62800,61500,62300,732168,1,-0.0933,-5.4074
2024-06-03,62500,63200,62400,63000,760418,1,-0.1471,-5.5545
2024-06-04,63000,63100,62300,62500,463189,1,0.0109,-5.5436
2024-06-05,62300,62900,62300,62600,681853,1,-0.1468,-5.6904
2024-06-06,62600,63200,62000,62000,565629,1,-0.2208,-5.9112
2024-06-07,62100,62600,61500,62000,460634,1,-0.1933,-6.1045
2024-06-10,62100,63300,62000,62200,644881,1,0.0688,-6.0357
2024-06-11,62700,63300,62000,62000,611624,1,0.0431,-5.9926
2024-06-12,62300,63500,62000,63500,1322762,1,0.3269,-5.6657
2024-06-13,64900,64900,63700,64000,898465,1,0.1296,-5.5361
2024-06-14,64099,64200,61500,61500,1217305,1,-0.1635,-5.6996
2024-06-17,61500,62500,61400,61600,819150,1,-0.2621,-5.9617
2024-06-18,61700,63800,61600,63500,900479,1,0.1935,-5.7682
2024-06-19,63400,63700,62700,63700,672971,1,-0.0243,-5.7925
2024-06-20,63500,66600,63500,65700,1600113,1,0.5062,-5.2863
2024-06-21,66900,66900,64500,64500,938085,1,-0.2685,-5.5548
2024-06-24,64599,65200,62000,63600,1144846,1,-0.3544,-5.9092
2024-06-25,63600,65500,63600,64099,766216,1,0.212,-5.6972
2024-06-26,64800,64800,62900,64000,973589,1,-0.353,-6.0502
2024-06-27,64000,64900,63200,64000,806900,1,0.2437,-5.8065
2024-06-28,63500,63600,62600,62600,1165698,1,-0.4476,-6.2541
2024-07-01,62600,63600,61800,63500,1044666,1,0.0634,-6.1907
2024-07-02,63800,63800,63000,63200,905177,1,-0.4483,-6.639
2024-07-03,63400,64000,63000,64000,1012861,1,0.0806,-6.5584
2024-07-04,64000,65500,63700,65300,1481030,1,0.2802,-6.2782
2024-07-05,65800,65800,64000,65200,838116,1,-0.0779,-6.3561
2024-07-10,70400,72300,69100,71200,2412860,1,0.3417,-6.0144
2024-07-11,71300,73300,71000,71500,1711493,1,-0.0244,-6.0388
2024-07-12,71200,71400,70300,71100,1140145,1,-0.2061,-6.2449
2024-07-15,71100,72300,70400,72000,1226928,1,0.0378,-6.2071
2024-07-16,72000,73900,71500,73900,1126867,1,0.3173,-5.8898
2024-07-17,74000,75700,69000,72200,2125888,1,-0.2566,-6.1464
2024-07-18,72200,72600,69600,72000,1609329,1,-0.6636,-6.81
2024-07-19,72000,72000,70300,70300,930742,1,-0.2872,-7.0972
2024-07-22,70000,70300,68500,68500,1539493,1,-0.511,-7.6082
2024-07-23,68400,70000,68100,68300,1222031,1,-0.1778,-7.786
2024-07-24,68000,69000,66000,69000,1138107,1,-0.1424,-7.9284
2024-07-25,68800,70800,68400,70500,1050377,1,0.0235,-7.9049
2024-07-26,70500,71500,70400,71000,1051100,1,-0.0104,-7.9153
2024-07-29,71400,71900,70300,71500,569200,1,0.0627,-7.8526
2024-07-30,71000,71200,68500,70500,1998000,1,-0.7608,-8.6134
2024-07-31,69000,69600,67800,69600,2039800,1,-0.5323,-9.1457
2024-08-01,69400,69400,66000,67900,1596500,1,-0.4604,-9.6061
2024-08-02,65800,70300,65800,70300,1561300,1,0.2111,-9.395
2024-08-05,68800,68800,65400,65400,1150000,1,-0.5108,-9.9058
2024-08-06,65500,67100,65200,66700,660000,1,-0.0285,-9.9343
2024-08-07,67000,67200,65800,65800,426400,1,-0.1449,-10.0792
2024-08-08,65800,67300,65700,66300,486000,1,-0.0419,-10.1211
2024-08-09,67200,67300,66600,67000,544000,1,-0.0014,-10.1225
2024-08-12,67000,69500,67000,68900,820200,1,0.0683,-10.0542
