t,o,h,l,c,v,pot,pot_ask,pot_bid
2024-02-15,18180,18890,18160,18620,13075633,1,2.8353,2.8353
2024-02-16,18670,18770,18380,18670,7221365,1,-1.3814,1.4539
2024-02-19,18690,18940,18640,18860,9737540,1,-0.6983,0.7556
2024-02-20,18810,18910,18670,18860,5415889,1,-0.4886,0.267
2024-02-21,18790,19080,18720,18910,7676668,1,0.8618,1.1288
2024-02-22,18910,19570,18890,19540,9648022,1,3.3463,4.4751
2024-02-23,19760,20540,19400,19440,16448608,1,0.8403,5.3154
2024-02-26,19490,20120,19490,19980,9618134,1,1.2213,6.5367
2024-02-27,20070,20340,19880,20340,8415616,1,0.2511,6.7878
2024-02-28,20390,20540,20150,20460,7526807,1,-1.7418,5.046
2024-02-29,20580,20580,20050,20460,9029623,1,-1.5434,3.5026
2024-03-01,20220,20290,20000,20290,9293155,1,-2.6031,0.8995
2024-03-04,20240,20460,20050,20290,8437205,1,0.1818,1.0813
2024-03-05,20270,20460,20070,20460,6318727,1,0.3322,1.4135
2024-03-06,20390,21090,20270,20730,11171492,1,0.3357,1.7492
2024-03-07,20780,21000,20560,20660,7216167,1,-1.1744,0.5748
2024-03-08,20580,20660,19880,19880,20131010,1,-8.9383,-8.3635
2024-03-11,19830,19980,19350,19590,11185905,1,-3.6559,-12.0194
2024-03-12,19570,20030,19440,19980,8499431,1,0.4439,-11.5755
2024-03-13,19980,20370,19860,20370,7894788,1,1.3827,-10.1928
2024-03-14,20410,20410,20000,20070,6639948,1,-1.4261,-11.6189
2024-03-15,20000,20200,19590,20070,7543048,1,-0.9093,-12.5282
2024-03-18,19980,19980,19110,19440,11299700,1,-3.1241,-15.6523
2024-03-19,19490,19590,19200,19540,5332006,1,-0.7261,-16.3784
2024-03-20,19590,20580,19420,20510,16884851,1,5.5651,-10.8133
2024-03-21,20660,21870,20660,21870,16928673,1,8.4797,-2.3336
2024-03-22,22060,22060,21360,21770,10796262,1,-1.0712,-3.4048
2024-03-25,22110,22500,21410,21720,10740465,1,-0.5196,-3.9244
2024-03-26,21720,22400,21580,22280,7757903,1,2.2126,-1.7118
2024-03-27,22400,22400,21870,22090,4641838,1,-1.2972,-3.009
2024-03-28,23610,23610,23130,23280,30028687,1,4.6334,1.6244
2024-03-29,23250,23350,23060,23060,6406374,1,-0.9984,0.626
2024-04-01,23060,23130,22720,23010,8564819,1,-0.8513,-0.2253
2024-04-02,23080,23280,22790,23110,13562041,1,3.7792,3.5539
2024-04-03,22980,23250,22690,22690,8778957,1,-2.1244,1.4295
2024-04-04,22550,22670,22280,22310,10760090,1,-1.732,-0.3025
2024-04-05,22060,22260,21890,21920,12131797,1,-0.1794,-0.4819
2024-04-08,21820,22230,21770,22060,9966966,1,1.4151,0.9332
2024-04-09,22060,22210,21920,22210,5385947,1,0.9196,1.8528
2024-04-10,22310,22690,22110,22140,7756913,1,-0.8737,0.9791
2024-04-11,21840,22140,21800,21870,11373211,1,-0.9673,0.0118
2024-04-12,22040,23010,21870,22980,13459115,1,3.6717,3.6835
2024-04-15,22890,23010,21430,21530,13739872,1,-3.5595,0.124
2024-04-16,21800,22060,21430,22060,15156185,1,-0.1621,-0.0381
2024-04-17,22060,22110,21650,21750,7456878,1,-1.5231,-1.5612
2024-04-19,21340,21650,21020,21580,14448097,1,-1.9543,-3.5155
2024-04-22,21990,22160,21770,21940,6816117,1,0.7022,-2.8133
2024-04-23,22060,23030,22060,22400,15596531,1,-0.5217,-3.335
2024-04-25,22790,22790,22210,22380,7163606,1,-2.2295,-5.5645
2024-04-26,22310,22740,22140,22600,5680011,1,0.0168,-5.5477
2024-05-02,22690,22770,22480,22720,4353886,1,0.49,-5.0577
2024-05-03,23030,23660,22980,23370,13664700,1,-2.0604,-7.1181
2024-05-06,23520,23610,23230,23440,7909650,1,1.0569,-6.0612
2024-05-07,23440,23440,23130,23230,9061661,1,-2.3138,-8.375
2024-05-08,23230,23860,22940,23370,15389469,1,0.7429,-7.6321
2024-05-09,23570,23710,23180,23490,8708397,1,-0.6617,-8.2938
2024-05-10,23660,23660,23230,23520,7682076,1,-0.3085,-8.6023
2024-05-13,23520,23590,23280,23470,6006849,1,-0.6733,-9.2756
2024-05-14,23490,23490,23200,23230,7474978,1,-1.5745,-10.8501
2024-05-15,23230,23350,23150,23320,9681815,1,0.298,-10.5521
2024-05-16,23520,24220,23470,24200,20869173,1,7.5072,-3.0449
2024-05-17,24120,24240,24080,24120,6348270,1,-1.2519,-4.2968
2024-05-20,24220,24490,24030,24100,9309389,1,-1.7441,-6.0409
2024-05-21,24050,24100,23520,23600,11264825,1,-3.71,-9.7509
2024-05-22,23620,23750,23180,23200,14671154,1,-3.7843,-13.5352
2024-05-23,23150,23320,22920,23250,7243128,1,-1.7246,-15.2598
2024-05-24,23080,23620,22900,23200,14621286,1,-0.7682,-16.028
2024-05-27,23200,23300,23000,23250,5010003,1,-1.3442,-17.3722
2024-05-28,23250,23480,23150,23450,6017258,1,-0.6841,-18.0563
2024-05-29,23500,23520,23200,23250,6951088,1,-0.607,-18.6633
2024-05-30,23020,23400,22920,23400,7576861,1,-2.0198,-20.6831
2024-05-31,23400,23500,23150,23500,5679440,1,1.1478,-19.5353
2024-06-03,23750,23850,23550,23580,10684004,1,-0.4785,-20.0138
2024-06-04,23750,23900,23500,23800,9964364,1,0.1164,-19.8974
2024-06-05,23850,23880,23600,23750,9263369,1,-2.0729,-21.9703
2024-06-06,23780,24000,23600,24000,13118227,1,2.0229,-19.9474
2024-06-07,24500,24850,24350,24550,15468440,1,1.2549,-18.6925
2024-06-10,24750,24750,24180,24450,8637322,1,-2.336,-21.0285
2024-06-11,24750,24920,24580,24680,16592604,1,-0.425,-21.4535
2024-06-12,24680,24750,24500,24700,9161206,1,-0.3253,-21.7788
2024-06-13,24750,24800,24650,24700,8427486,1,0.8004,-20.9784
2024-06-14,24750,24780,24550,24550,9839879,1,-0.2917,-21.2701
2024-06-17,24520,24520,24250,24300,9691381,1,-1.9991,-23.2692
2024-06-18,24300,24550,24100,24400,10246777,1,1.7256,-21.5436
2024-06-19,24500,24500,24080,24150,17033684,1,-3.119,-24.6626
2024-06-20,24550,25150,24500,24800,34599114,1,8.9931,-15.6695
2024-06-21,24950,24950,24200,24500,11698476,1,-2.9632,-18.6327
2024-06-24,24500,24500,23600,23950,14032254,1,-3.7588,-22.3915
2024-06-25,23950,24000,23400,24000,12075829,1,-1.371,-23.7625
2024-06-26,23950,24000,23550,24000,7394131,1,-1.379,-25.1415
2024-06-27,23650,23700,23350,23450,12342414,1,-4.3732,-29.5147
2024-06-28,23450,23500,22500,23350,21105358,1,-6.18,-35.6947
2024-07-01,23100,23100,22650,22650,9016895,1,-1.9247,-37.6194
2024-07-02,22850,23200,22650,22900,9253603,1,-0.283,-37.9024
2024-07-03,22950,23550,22900,23500,10188927,1,3.188,-34.7144
2024-07-04,23500,23550,23300,23500,5686704,1,-0.6785,-35.3929
2024-07-05,23350,23500,23200,23500,8380797,1,0.2221,-35.1708
2024-07-08,23500,23500,23100,23450,6703888,1,-3.2583,-38.4291
2024-07-09,23300,23500,23250,23350,11392911,1,0.5485,-37.8806
2024-07-10,23400,23450,23100,23150,10297074,1,-1.8248,-39.7054
2024-07-11,23150,23350,22800,22800,15429938,1,-5.7842,-45.4896
2024-07-12,22850,23000,22800,22800,5526545,1,-0.539,-46.0286
2024-07-15,22850,22900,22600,22650,6051599,1,-2.8816,-48.9102
2024-07-16,22650,22850,22550,22700,11035888,1,-2.3968,-51.307
2024-07-17,22850,24200,22800,23700,27359168,1,5.5676,-45.7394
2024-07-18,23700,23850,23300,23700,11226991,1,-2.7277,-48.4671
2024-07-19,23750,23750,23100,23400,14099870,1,-3.6481,-52.1152
2024-07-22,23300,23800,23000,23650,14485586,1,1.0681,-51.0471
2024-07-23,23800,23800,23000,23050,12478349,1,-4.7008,-55.7479
2024-07-24,22850,23200,22850,23000,10822075,1,-1.3626,-57.1105
2024-07-25,22850,22900,22550,22750,8308863,1,-2.2202,-59.3307
2024-07-26,22700,22850,22600,22750,6322500,1,0.455,-58.8757
2024-07-29,22850,22950,22750,22750,5198700,1,-0.1703,-59.046
2024-07-30,22700,22950,22600,22950,6723500,1,0.438,-58.608
2024-07-31,23000,23350,22950,23250,11002900,1,-1.6551,-60.2631
2024-08-01,23200,23250,22550,23000,11637400,1,-2.2517,-62.5148
2024-08-02,22550,23500,22550,23500,13700300,1,-0.4834,-62.9982
2024-08-05,23000,23000,22300,22300,16810500,1,-6.9886,-69.9868
2024-08-06,22400,22600,22050,22300,17667600,1,-0.5209,-70.5077
2024-08-07,22400,22400,21750,21800,19624800,1,-6.6103,-77.118
2024-08-08,21600,21650,20750,20850,41051900,1,-11.4861,-88.6041
2024-08-09,21000,21300,21000,21100,14966900,1,0.6029,-88.0012
2024-08-12,21200,21250,21000,21250,10346600,1,-1.6827,-89.6839
