t,o,h,l,c,v,pot,pot_ask,pot_bid
2024-02-15,38140,38500,37500,38360,599018,1,0.3123,0.3123
2024-02-16,38450,38450,37910,38140,543766,1,0.1811,0.4934
2024-02-19,38140,38140,37730,37910,462775,1,0.3102,0.8036
2024-02-20,37910,38360,37640,38320,826121,1,0.5165,1.3201
2024-02-21,38320,38360,37910,38320,338470,1,0.0431,1.3632
2024-02-22,38320,38680,38180,38640,1075513,1,0.8223,2.1855
2024-02-23,38640,39360,38640,39090,1711676,1,1.0063,3.1918
2024-02-26,39090,39230,38640,39230,1024971,1,0.5951,3.7869
2024-02-27,39230,39590,38730,39410,1370672,1,0.6045,4.3914
2024-02-28,39640,39640,38910,39410,969899,1,0.4553,4.8467
2024-02-29,39450,39450,38820,39230,684021,1,0.1265,4.9732
2024-03-01,39090,39500,38680,39500,1023157,1,0.1082,5.0814
2024-03-04,39950,39950,39450,39820,1021081,1,0.4081,5.4895
2024-03-05,39770,39910,39360,39860,1170797,1,0.4862,5.9757
2024-03-06,39550,39770,39230,39730,453184,1,0.1467,6.1224
2024-03-07,39360,40910,39360,40910,1760111,1,0.7205,6.8429
2024-03-08,40860,41050,40450,40910,892665,1,0.2159,7.0588
2024-03-11,40910,41050,40360,40910,881472,1,0.1351,7.1939
2024-03-12,40910,40950,40180,40820,846847,1,0.3449,7.5388
2024-03-13,40500,41050,40230,40820,1112452,1,0.4187,7.9575
2024-03-14,40910,42550,40730,42180,1909913,1,0.656,8.6135
2024-03-15,42320,42550,41590,42270,1096752,1,0.3731,8.9866
2024-03-18,41820,42820,40180,42090,1393786,1,0.3211,9.3077
2024-03-19,42000,42000,40680,41550,806777,1,0.1362,9.4439
2024-03-20,41550,42000,40950,41770,2196256,1,1.1355,10.5794
2024-03-21,41770,42230,41320,41950,1528289,1,0.548,11.1274
2024-03-22,41950,42050,41320,41820,1309956,1,0.1515,11.2789
2024-03-25,41730,41730,40770,41230,1039354,1,0.0835,11.3624
2024-03-26,41270,41910,40770,41640,1076469,1,0.7314,12.0938
2024-03-27,41140,41770,41000,41640,1162426,1,0.3679,12.4617
2024-03-28,41640,41770,41050,41550,756224,1,0.0916,12.5533
2024-03-29,41550,41550,40860,41230,626837,1,0.0383,12.5916
2024-04-01,41230,41230,40550,40640,500315,1,0.0493,12.6409
2024-04-02,40410,41180,39680,41090,1280836,1,0.6229,13.2638
2024-04-03,41090,41180,40450,40860,654911,1,0.3096,13.5734
2024-04-04,40820,40860,40000,40640,1113792,1,0.4898,14.0632
2024-04-05,40000,40550,39680,40000,629536,1,0.2295,14.2927
2024-04-08,40000,40180,39320,40000,903745,1,0.6197,14.9124
2024-04-09,39950,40140,39360,40000,1259482,1,0.2768,15.1892
2024-04-10,40000,40000,39450,39910,1119488,1,0.1919,15.3811
2024-04-11,39450,39820,39410,39500,975308,1,0.4915,15.8726
2024-04-12,39590,39770,39090,39550,1062039,1,0.5137,16.3863
2024-04-15,39140,39450,36910,38270,758975,1,0.2489,16.6352
2024-04-16,37320,37910,36680,37820,1142069,1,0.7686,17.4038
2024-04-17,37820,37820,37000,37590,479597,1,0.1865,17.5903
2024-04-19,37270,40180,36320,40180,1027213,1,0.5245,18.1148
2024-04-22,39640,40360,38140,40180,900281,1,0.6674,18.7822
2024-04-23,39820,40230,39090,39550,896895,1,0.3959,19.1781
2024-04-25,39590,39640,38730,39180,966611,1,0.3128,19.4909
2024-04-26,39090,39180,38640,39140,843750,1,0.5407,20.0316
2024-05-02,39140,39180,38270,39090,1059329,1,0.4857,20.5173
2024-05-03,39050,39180,38320,38910,906958,1,0.1391,20.6564
2024-05-06,38820,39320,38550,39230,1095571,1,0.6366,21.293
2024-05-07,39230,39230,38770,38950,876474,1,0.3034,21.5964
2024-05-08,38640,40000,38640,40000,1619485,1,0.6786,22.275
2024-05-09,40360,41820,40360,40860,1521831,1,0.2372,22.5122
2024-05-10,40910,40910,39820,40410,1522724,1,0.5789,23.0911
2024-05-13,40640,40770,39270,39910,1186145,1,0.2816,23.3727
2024-05-14,39950,40090,39180,39950,1677202,1,0.4108,23.7835
2024-05-15,39910,41360,39730,41140,2315315,1,0.8518,24.6353
2024-05-16,41410,41410,40000,40860,1258584,1,0.0263,24.6616
2024-05-17,40950,41000,40320,40910,2132386,1,0.6121,25.2737
2024-05-20,41500,43410,40910,43410,3327559,1,1.4495,26.7232
2024-05-21,43730,46360,43730,46360,5988281,1,1.6853,28.4085
2024-05-22,48640,48640,46460,47730,3266949,1,1.1923,29.6008
2024-05-23,47640,48640,46550,48640,3006482,1,1.7786,31.3794
2024-05-24,48180,48640,45270,47090,3868220,1,0.541,31.9204
2024-05-27,46460,47640,46000,47270,2295966,1,0.9807,32.9011
2024-05-28,47640,48640,47270,48270,3725256,1,1.7294,34.6305
2024-05-29,48360,48460,46820,47550,3585415,1,0.616,35.2465
2024-05-30,46730,47270,44550,47270,3142667,1,0.6795,35.926
2024-05-31,47270,49820,46090,49820,5042203,1,2.1099,38.0359
2024-06-03,50550,50730,49550,50640,3616169,1,1.6992,39.7351
2024-06-04,50000,50910,49270,50730,3744449,1,1.5105,41.2456
2024-06-05,50640,50820,49180,49180,2644641,1,0.7033,41.9489
2024-06-06,49180,50090,48460,49820,4944762,1,1.307,43.2559
2024-06-07,50000,50000,48640,49910,3461228,1,1.2108,44.4667
2024-06-10,49460,50090,48910,49640,3702007,1,1.2544,45.7211
2024-06-11,50000,51000,49400,51000,3828741,1,2.2335,47.9546
2024-06-12,51000,51300,50200,51200,3738085,1,1.6874,49.642
2024-06-13,51300,51600,50200,51200,3014285,1,0.3589,50.0009
2024-06-14,51300,51300,49800,49800,3661683,1,0.3254,50.3263
2024-06-17,49600,50100,48950,49750,2764807,1,1.0063,51.3326
2024-06-18,49800,51200,49250,51000,4158362,1,2.4749,53.8075
2024-06-19,51000,53000,50900,52100,4297171,1,1.7963,55.6038
2024-06-20,52300,52300,50800,52100,3392249,1,1.4418,57.0456
2024-06-21,52100,52300,50300,50500,4892019,1,1.1297,58.1753
2024-06-24,50500,50600,47650,48400,3874726,1,0.9637,59.139
2024-06-25,48500,48600,47650,48400,2621301,1,1.018,60.157
2024-06-26,48400,49800,47200,49800,3103312,1,2.0447,62.2017
2024-06-27,49600,50400,49200,49800,3066539,1,1.6462,63.8479
2024-06-28,49500,49800,47400,49250,2531990,1,0.5205,64.3684
2024-07-01,49100,49500,48250,49500,2530224,1,1.7662,66.1346
2024-07-02,49900,50100,49250,50000,2939915,1,1.2298,67.3644
2024-07-03,50000,52000,49950,52000,5293086,1,2.9362,70.3006
2024-07-04,52300,52900,51400,52100,3739326,1,1.3579,71.6585
2024-07-05,52400,53600,51600,53500,3902393,1,0.9535,72.612
2024-07-09,53800,54400,53000,53800,2912174,1,1.0133,73.6253
2024-07-10,53500,53900,52500,53700,3050138,1,0.5162,74.1415
2024-07-11,53700,53700,52700,53700,2435206,1,-0.0019,74.1396
2024-07-12,52700,53100,51900,52900,3676964,1,0.5086,74.6482
2024-07-15,52400,52900,51500,51500,2373216,1,0.1991,74.8473
2024-07-16,48000,52300,48000,51800,4833401,1,1.7706,76.6179
2024-07-17,51800,51900,48300,51000,3157757,1,0.5347,77.1526
2024-07-18,50800,51000,49000,51000,2157522,1,0.8157,77.9683
2024-07-19,51000,51300,49900,50500,2078788,1,0.6948,78.6631
2024-07-22,50000,51000,48000,51000,3491068,1,0.8101,79.4732
2024-07-23,51000,51000,49100,50000,2754020,1,1.2483,80.7215
2024-07-24,48900,50800,48250,50800,3055529,1,1.3412,82.0627
2024-07-25,50200,50700,49100,49100,1880431,1,1.1799,83.2426
2024-07-26,49100,50300,49100,49850,1714100,1,1.0727,84.3153
2024-07-29,50100,51000,49900,50500,2469600,1,1.1169,85.4322
2024-07-30,50800,51600,50000,50900,2284100,1,0.8253,86.2575
2024-07-31,51000,51200,49700,49900,2280900,1,0.4039,86.6614
2024-08-01,49200,49600,46450,49000,5277200,1,1.1966,87.858
2024-08-02,47000,48900,46350,48850,2422400,1,1.1183,88.9763
2024-08-05,47800,47800,45450,45450,1413600,1,-0.2859,88.6904
2024-08-06,46000,46200,43250,45900,1926400,1,0.8841,89.5745
2024-08-07,45900,46300,45400,46000,1264300,1,0.794,90.3685
2024-08-08,46000,48250,45550,46900,2819800,1,1.4563,91.8248
2024-08-09,47600,47650,46650,46900,1342500,1,0.6038,92.4286
2024-08-12,47400,47950,47000,47850,2425900,1,1.4951,93.9237
