t,o,h,l,c,v,pot,pot_ask,pot_bid
2024-02-15,18790,19430,18790,19160,2606820,1,0.731534,0.731534
2024-02-16,18240,19250,18240,18970,1275523,1,-0.173781,0.557753
2024-02-19,19160,19250,18790,18970,1616053,1,0.139939,0.697692
2024-02-20,18880,19060,18700,18970,1811994,1,-0.047652,0.65004
2024-02-21,19060,19160,18790,19160,1954953,1,0.000989,0.651029
2024-02-22,17240,19790,17240,19160,2789052,1,-0.115174,0.535855
2024-02-23,17240,19430,17240,18790,2621800,1,-0.522094,0.013761
2024-02-26,18790,19610,18790,19520,2761708,1,0.746737,0.760498
2024-02-27,19520,20070,19430,19610,2879436,1,0.092782,0.85328
2024-02-28,19610,19980,19340,19520,1815392,1,-0.447822,0.405458
2024-02-29,19610,19890,19250,19430,2776133,1,-0.021163,0.384295
2024-03-01,19430,19700,19340,19520,1651016,1,-0.296748,0.087547
2024-03-04,19610,20620,19520,20430,4988132,1,0.900718,0.988265
2024-03-05,20520,20520,20070,20430,2020631,1,0.067377,1.055642
2024-03-06,20520,20520,19790,20070,2702442,1,-0.785252,0.27039
2024-03-07,20070,20890,19980,20710,3915990,1,0.854968,1.125358
2024-03-08,20800,20890,20250,20430,2549503,1,-0.444771,0.680587
2024-03-11,20430,20620,19790,19890,3037665,1,-0.460093,0.220494
2024-03-12,19890,20620,19700,20520,2784065,1,0.947511,1.168005
2024-03-13,20520,21250,20430,20890,3109916,1,0.275746,1.443751
2024-03-14,20980,21350,20620,20710,2080024,1,-0.465644,0.978107
2024-03-15,20710,20800,20160,20430,3451547,1,-1.338093,-0.359986
2024-03-18,20430,20520,19160,19790,4296802,1,-1.44562,-1.805606
2024-03-19,19790,20070,19610,19610,1026775,1,-0.367253,-2.172859
2024-03-20,19610,19890,19520,19890,1261350,1,0.076516,-2.096343
2024-03-21,19890,20250,19890,20070,1764818,1,-0.049136,-2.145479
2024-03-22,20160,20430,19980,20070,2031798,1,-0.097522,-2.243001
2024-03-25,19980,20160,19700,19790,1895764,1,-0.39123,-2.634231
2024-03-26,19610,19980,19610,19980,1635980,1,-0.37826,-3.012491
2024-03-27,19980,20890,19980,20800,4366960,1,0.401876,-2.610615
2024-03-28,20800,20890,20430,20520,1277111,1,-0.647387,-3.258002
2024-03-29,20340,20710,20250,20250,1766158,1,-0.120164,-3.378166
2024-04-01,20160,20430,20070,20340,1597137,1,-0.082437,-3.460603
2024-04-02,20430,21350,20070,21160,4274796,1,1.079266,-2.381337
2024-04-03,21160,21250,20620,20710,1723247,1,-0.241919,-2.623256
2024-04-04,20710,20800,20430,20520,2050197,1,0.088735,-2.534521
2024-04-05,20340,20620,19980,19980,2413436,1,0.160122,-2.374399
2024-04-08,20160,20160,19790,19790,1247841,1,0.291497,-2.082902
2024-04-09,19700,20250,19520,20250,1326592,1,-0.111384,-2.194286
2024-04-10,20250,20250,19890,20160,869958,1,0.062958,-2.131328
2024-04-11,19980,20070,19700,19980,950038,1,0.240566,-1.890762
2024-04-12,19980,20340,19980,20340,1290586,1,-0.007936,-1.898698
2024-04-15,20340,20340,18340,18340,3224136,1,0.883746,-1.014952
2024-04-16,18340,18790,17790,18430,2882325,1,-0.150859,-1.165811
2024-04-17,18430,18700,18060,18240,1138990,1,-0.018452,-1.184263
2024-04-19,18240,18240,17420,17970,1977015,1,-0.301167,-1.48543
2024-04-22,17970,18520,17970,18430,878585,1,0.116613,-1.368817
2024-04-23,18430,18430,17970,18240,940342,1,-0.238196,-1.607013
2024-04-25,18790,18790,18240,18340,857604,1,-0.357346,-1.964359
2024-04-26,18340,18700,18240,18340,1131029,1,-0.294759,-2.259118
2024-05-02,18340,18430,18150,18430,494791,1,-0.060139,-2.319257
2024-05-03,18430,18700,18430,18430,735131,1,0.057215,-2.262042
2024-05-06,18520,18790,18430,18700,1373444,1,0.119558,-2.142484
2024-05-07,18700,19890,18700,19890,2979573,1,1.184947,-0.957537
2024-05-08,19890,20710,19340,20520,4054994,1,0.9365,-0.021037
2024-05-09,20520,20710,19790,19980,2134514,1,0.306148,0.285111
2024-05-10,19980,20430,19790,20430,3054375,1,0.766437,1.051548
2024-05-13,20520,21250,20160,20520,3543391,1,-0.249759,0.801789
2024-05-14,20520,20620,20160,20340,1728785,1,-0.394275,0.407514
2024-05-15,20430,22350,20430,22350,8615679,1,0.649101,1.056615
2024-05-16,22800,23630,22710,22990,5525451,1,-0.341749,0.714866
2024-05-17,22990,23630,22710,23170,4340247,1,-0.276359,0.438507
2024-05-20,22800,24450,22800,23990,4061466,1,0.948126,1.386633
2024-05-21,23990,24630,23530,23900,4916182,1,0.05349,1.440123
2024-05-22,23900,24080,23080,23350,4052195,1,-0.439767,1.000356
2024-05-23,23350,24080,23260,23630,2403177,1,-0.555901,0.444455
2024-05-24,23720,24540,21890,23080,7162163,1,0.062663,0.507118
2024-05-27,23080,23260,22800,23170,1860464,1,0.189742,0.69686
2024-05-28,23260,24170,23260,23440,3494161,1,0.571675,1.268535
2024-05-29,23810,24080,23170,23170,3798477,1,-0.335405,0.93313
2024-05-30,23170,23440,21980,23440,6498976,1,-0.831816,0.101314
2024-05-31,23530,25090,23170,24260,7224653,1,1.927159,2.028473
2024-06-03,24450,24720,23990,24080,2835391,1,-0.692369,1.336104
2024-06-04,24540,24540,23900,23900,3482518,1,-0.028836,1.307268
2024-06-05,23810,24540,23630,23630,4128443,1,-0.853591,0.453677
2024-06-06,23630,24170,23260,23720,2166232,1,0.264902,0.718579
2024-06-07,23900,24170,23630,24080,2484989,1,0.213933,0.932512
2024-06-10,24080,25540,23720,24810,6523599,1,0.781903,1.714415
2024-06-11,24810,24990,24260,24630,2736874,1,-0.170594,1.543821
2024-06-12,24260,24720,24170,24630,1840386,1,0.128212,1.672033
2024-06-13,24630,25090,24360,24630,2893391,1,0.279777,1.95181
2024-06-14,24630,24720,23260,23260,4340486,1,-0.299866,1.651944
2024-06-17,20980,23440,20980,23260,3250431,1,-0.550149,1.101795
2024-06-18,23260,23630,23260,23350,1796092,1,0.142428,1.244223
2024-06-19,23350,23900,23260,23260,2441848,1,0.184568,1.428791
2024-06-20,23350,23530,22620,23440,2696839,1,-0.421661,1.00713
2024-06-21,23530,24450,23530,23900,3290321,1,0.524909,1.532039
2024-06-24,23900,23900,22620,22620,2817682,1,-0.657742,0.874297
2024-06-25,22710,23170,22170,23170,1698627,1,-0.115635,0.758662
2024-06-26,23170,23440,22620,23440,1656634,1,-0.23028,0.528382
2024-06-27,23440,24170,23260,24080,3923381,1,-0.124821,0.403561
2024-06-28,24080,24170,23080,23720,2793800,1,-0.174956,0.228605
2024-07-01,23720,25270,23440,25090,5611768,1,0.62732,0.855925
2024-07-02,25090,25270,24720,24900,1842578,1,-0.104148,0.751777
2024-07-03,22440,25450,22440,24630,4448692,1,-0.24739,0.504387
2024-07-04,24630,25090,24450,24990,2133604,1,-0.61963,-0.115243
2024-07-05,24990,26180,24990,25180,4964149,1,0.463037,0.347794
2024-07-09,25630,26090,25180,25270,3256946,1,-0.7821,-0.434306
2024-07-10,25270,25720,24900,25090,3203544,1,-0.7705,-1.204806
2024-07-11,25090,25360,24630,24720,3570444,1,-0.9806,-2.185406
2024-07-12,25620,26010,24930,25220,2897060,1,-0.3978,-2.583206
2024-07-15,25220,25710,25120,25420,1334877,1,-0.1153,-2.698506
2024-07-16,25420,25910,25120,25120,1898448,1,-0.3609,-3.059406
2024-07-17,25120,25420,23150,24240,3666318,1,-1.623,-4.682406
2024-07-18,24140,24830,24040,24830,1719260,1,-0.4549,-5.137306
2024-07-19,24830,25420,24430,25220,3044935,1,0.1446,-4.992706
2024-07-22,25220,25220,24240,24330,2169001,1,-0.5338,-5.526506
2024-07-23,24630,24730,23150,23150,2714815,1,-0.5296,-6.056106
2024-07-24,23150,24240,22660,23940,2474767,1,0.1069,-5.949206
2024-07-25,24140,24140,23550,24140,1172144,1,-0.1367,-6.085906
2024-07-26,24140,24330,23940,24330,1135540,1,0.0322,-6.053706
2024-07-29,24330,25910,24330,25710,4583311,1,1.1592,-4.894506
2024-07-30,25620,25910,25020,25520,2310285,1,-0.536,-5.430506
2024-07-31,25520,25620,24830,25420,2549116,1,-0.2287,-5.659206
2024-08-01,25420,25520,23350,24330,5610118,1,-2.755,-8.414206
2024-08-02,24240,24830,23450,24730,2116032,1,-0.1183,-8.532506
2024-08-05,24630,24730,22760,23640,3137874,1,-1.0438,-9.576306
2024-08-06,23640,24630,23250,24430,3137668,1,0.7125,-8.863806
2024-08-07,25120,25120,24040,24630,1317388,1,-0.286,-9.149806
2024-08-08,24630,26500,24630,25620,8661029,1,0.9017,-8.248106
2024-08-09,25620,26300,25420,26110,2595023,1,0.1799,-8.068206
2024-08-12,26300,27490,26300,27090,4526805,1,0.5356,-7.532606
