t,o,h,l,c,v,pot,pot_ask,pot_bid
2024-02-15,64019,64019,63540,63830,684051,1,-0.3444,-0.3444
2024-02-16,63630,65379,63630,64700,703852,1,0.1017,-0.2427
2024-02-19,65200,65200,64400,65000,708690,1,-0.12,-0.3627
2024-02-20,65000,65000,64099,64099,1056405,1,-0.1828,-0.5455
2024-02-21,64000,64000,63100,63700,958418,1,-0.4239,-0.9694
2024-02-22,63600,64700,63500,64200,588361,1,0.1185,-0.8509
2024-02-23,64700,66800,64500,64599,2040456,1,-0.1172,-0.9681
2024-02-26,65300,69100,64900,69100,2855823,1,0.5543,-0.4138
2024-02-27,70300,71200,69500,70700,1432327,1,-0.0628,-0.4766
2024-02-28,70900,71700,69600,71400,1994992,1,-0.2119,-0.6885
2024-02-29,71200,73500,70600,73500,1503412,1,0.3001,-0.3884
2024-03-01,74000,74000,72500,73600,983532,1,-0.0617,-0.4501
2024-03-04,75000,75000,72500,73300,1339483,1,-0.6807,-1.1308
2024-03-05,72900,74200,72400,73300,969268,1,-0.222,-1.3528
2024-03-06,73300,74500,72600,74500,1001400,1,-0.0421,-1.3949
2024-03-07,74200,76500,73500,76500,1218564,1,0.2131,-1.1818
2024-03-08,76500,76700,74700,74900,1464729,1,0.0841,-1.0977
2024-03-11,74300,77800,74300,74800,1437792,1,-0.5071,-1.6048
2024-03-12,73500,76400,73200,74900,942970,1,0.1211,-1.4837
2024-03-13,76000,79900,75400,78100,1231301,1,0.3131,-1.1706
2024-03-14,78100,78200,76700,77000,1228834,1,-0.3807,-1.5513
2024-03-15,77000,78400,75500,77100,1163151,1,-0.2116,-1.7629
2024-03-18,77200,78200,71800,77000,1971095,1,-0.4532,-2.2161
2024-03-19,77800,77800,75000,77200,768768,1,-0.0605,-2.2766
2024-03-20,77700,77700,75700,76700,478387,1,-0.0538,-2.3304
2024-03-21,77500,79500,76200,76300,1269481,1,-0.2369,-2.5673
2024-03-22,76300,78400,75600,77300,998354,1,-0.0876,-2.6549
2024-03-25,77300,77300,75500,75500,963267,1,-0.3022,-2.9571
2024-03-26,75500,78000,74900,76600,510621,1,-0.0254,-2.9825
2024-03-27,77000,77600,76300,77000,554382,1,0.0031,-2.9794
2024-03-28,77600,80000,77100,79300,1428426,1,0.159,-2.8204
2024-03-29,79300,79300,78200,78400,432836,1,-0.1265,-2.9469
2024-04-01,78500,78500,76800,77000,667818,1,-0.3705,-3.3174
2024-04-02,76600,76600,74900,76200,1321975,1,-0.289,-3.6064
2024-04-03,76400,77600,75800,76700,799805,1,0.0054,-3.601
2024-04-04,76700,76900,75200,75200,622822,1,-0.1801,-3.7811
2024-04-05,75000,75000,73500,73900,764866,1,-0.2227,-4.0038
2024-04-08,73800,74800,72800,73700,497046,1,-0.0847,-4.0885
2024-04-09,73500,74200,73400,74200,299163,1,-0.0541,-4.1426
2024-04-10,74500,75300,74000,74000,403720,1,-0.0203,-4.1629
2024-04-11,73500,73800,72800,73500,487944,1,-0.1404,-4.3033
2024-04-12,74900,74900,73700,74600,345120,1,-0.0116,-4.3149
2024-04-15,74700,74800,70000,70000,863593,1,-0.3996,-4.7145
2024-04-16,69800,70100,69000,70100,976253,1,-0.3568,-5.0713
2024-04-17,70400,71800,69800,70000,637696,1,-0.0433,-5.1146
2024-04-19,69600,70500,68800,69500,535461,1,-0.0867,-5.2013
2024-04-22,69700,71400,69500,71400,394545,1,-0.014,-5.2153
2024-04-23,71800,71800,70000,70400,261991,1,-0.0932,-5.3085
2024-04-25,74400,74400,73000,74000,239249,1,-0.0108,-5.3193
2024-04-26,73100,76000,73000,74000,537074,1,0.1652,-5.1541
2024-05-02,74000,75900,73300,75900,540090,1,0.0321,-5.122
2024-05-03,76700,76700,74000,74600,756082,1,-0.0839,-5.2059
2024-05-06,75400,75500,74300,75500,755132,1,-0.0099,-5.2158
2024-05-07,76000,77800,75500,76400,980257,1,0.0727,-5.1431
2024-05-08,75700,77000,74700,76900,1133432,1,-0.1927,-5.3358
2024-05-09,79000,82200,77500,78500,4408312,1,-1.2638,-6.5996
2024-05-10,79700,80000,76500,77000,1069391,1,-0.1627,-6.7623
2024-05-13,77000,77800,74100,74700,1989682,1,-0.8089,-7.5712
2024-05-14,75000,76200,73800,76000,1355706,1,-0.0349,-7.6061
2024-05-15,76600,76800,75200,75700,1204023,1,-0.2166,-7.8227
2024-05-16,76000,76300,74800,74900,1525397,1,-0.4122,-8.2349
2024-05-17,75300,76400,74300,75700,1330817,1,-0.1785,-8.4134
2024-05-20,76300,77700,75700,76000,1968963,1,-0.2862,-8.6996
2024-05-21,76000,77500,75600,77500,1428553,1,0.0585,-8.6411
2024-05-22,77700,78200,75800,75900,1771548,1,-1.0212,-9.6623
2024-05-23,75700,76700,75500,76700,1029504,1,-0.0571,-9.7194
2024-05-24,76400,76400,72500,73200,2189340,1,-1.0652,-10.7846
2024-05-27,73000,73300,72500,72900,822850,1,-0.3584,-11.143
2024-05-28,73600,73900,72900,73600,788621,1,-0.0723,-11.2153
2024-05-29,73900,75600,72800,72800,1348679,1,-0.1778,-11.3931
2024-05-30,72300,74000,72200,73600,1329775,1,-0.1098,-11.5029
2024-05-31,74200,74800,73600,74000,848773,1,-0.084,-11.5869
2024-06-03,74900,75200,74100,74600,947286,1,-0.03,-11.6169
2024-06-04,75300,75300,73700,74000,861364,1,-0.3321,-11.949
2024-06-05,74800,75000,73900,73900,563240,1,-0.0602,-12.0092
2024-06-06,73900,74100,72500,73200,1183489,1,-0.3945,-12.4037
2024-06-07,73300,73800,73200,73800,418678,1,-0.0171,-12.4208
2024-06-10,74000,77000,73900,76000,2398384,1,0.3951,-12.0257
2024-06-11,76600,76600,74800,75300,1107755,1,-0.3367,-12.3624
2024-06-12,75300,76000,74600,76000,799826,1,0.0186,-12.3438
2024-06-13,76200,77500,75700,77500,2219405,1,0.407,-11.9368
2024-06-14,78000,78000,74800,74800,1450999,1,-0.5514,-12.4882
2024-06-17,74700,76400,74000,75500,1060020,1,-0.2293,-12.7175
2024-06-18,76000,77100,75000,76700,1222049,1,0.0083,-12.7092
2024-06-19,77200,80300,75800,75800,4327473,1,-0.4035,-13.1127
2024-06-20,75600,76000,74100,75100,1569978,1,-0.7653,-13.878
2024-06-21,75500,75800,73700,73800,2393259,1,-0.8118,-14.6898
2024-06-24,73900,74000,71300,71500,2181098,1,-0.9859,-15.6757
2024-06-25,71500,72200,71500,72000,627681,1,-0.1679,-15.8436
2024-06-26,72000,72100,71000,72100,655646,1,-0.1884,-16.032
2024-06-27,72600,72900,71700,71900,790394,1,-0.0076,-16.0396
2024-06-28,71900,72100,70000,70100,1170704,1,-0.4983,-16.5379
2024-07-01,70500,71500,70100,71300,641042,1,0.087,-16.4509
2024-07-02,71300,71800,71200,71700,337289,1,0.0074,-16.4435
2024-07-03,72100,72900,71600,72600,808276,1,0.2019,-16.2416
2024-07-04,73000,73000,72300,72500,236482,1,-0.0814,-16.323
2024-07-05,72500,73400,72500,73000,576763,1,-0.0036,-16.3266
2024-07-08,73100,73700,72800,73200,535561,1,-0.0321,-16.3587
2024-07-09,73400,74400,73200,73900,864816,1,-0.0014,-16.3601
2024-07-10,74000,74200,73000,73000,579176,1,-0.1871,-16.5472
2024-07-11,73000,74000,72900,73200,737764,1,-0.1672,-16.7144
2024-07-12,73100,75000,73100,74800,1138275,1,0.2698,-16.4446
2024-07-15,75400,75400,74100,74500,361483,1,-0.0107,-16.4553
2024-07-16,74400,75000,74000,74000,596357,1,-0.0729,-16.5282
2024-07-17,74700,74700,70200,72300,942381,1,-0.4531,-16.9813
2024-07-18,72300,72900,71700,72900,524939,1,-0.1761,-17.1574
2024-07-19,73400,73800,72100,73100,441290,1,-0.1135,-17.2709
2024-07-22,72700,73300,71700,72500,613121,1,-0.2583,-17.5292
2024-07-23,72500,73400,71800,72000,667461,1,-0.0572,-17.5864
2024-07-24,71900,71900,69100,70000,771597,1,-0.3626,-17.949
2024-07-25,68800,70800,68800,70500,209471,1,-0.0105,-17.9595
2024-07-26,70300,71600,70300,71500,329300,1,0.0059,-17.9536
2024-07-29,71600,72300,70700,72300,417100,1,-0.0523,-18.0059
2024-07-30,72400,72400,71000,71000,306600,1,-0.1194,-18.1253
2024-07-31,71100,72100,71000,71200,234100,1,-0.0114,-18.1367
2024-08-01,71000,71200,68200,69400,759300,1,-0.3158,-18.4525
2024-08-02,68900,70800,68800,70300,459600,1,-0.072,-18.5245
2024-08-05,68800,69500,66600,67000,1030900,1,-0.5988,-19.1233
2024-08-06,67000,68500,66800,68500,322800,1,0.0084,-19.1149
2024-08-07,68100,68600,68100,68300,189800,1,0.0037,-19.1112
2024-08-08,68300,69000,67800,68400,186800,1,-0.0695,-19.1807
2024-08-09,68600,69500,68400,68900,303100,1,0.0431,-19.1376
2024-08-12,68500,69300,68500,69300,195200,1,-0.0156,-19.1532
