t,o,h,l,c,v,pot,pot_ask,pot_bid
2024-02-15,21370,21710,21270,21460,14546750,1,0.5494,0.5494
2024-02-16,21660,21660,21220,21460,5230031,1,-0.9161,-0.3667
2024-02-19,21560,21560,21120,21370,7477741,1,-1.4984,-1.8651
2024-02-20,21410,21900,21270,21560,6742874,1,1.5861,-0.279
2024-02-21,21850,21900,21560,21660,5642418,1,0.7564,0.4774
2024-02-22,21750,21850,21560,21850,4237895,1,0.3051,0.7825
2024-02-23,21850,22090,21270,21370,14812104,1,-3.509,-2.7265
2024-02-26,21270,21370,21030,21320,4289391,1,-0.3868,-3.1133
2024-02-27,21370,21370,21120,21320,4721252,1,-1.8339,-4.9472
2024-02-28,21410,21510,21220,21460,4678327,1,-0.5829,-5.5301
2024-02-29,21750,21750,21170,21270,6364458,1,-0.1894,-5.7195
2024-03-01,21220,21270,20930,21270,4831690,1,-1.4433,-7.1628
2024-03-04,21370,21510,20980,21370,7385465,1,-0.0182,-7.181
2024-03-05,21370,21460,21170,21460,3309168,1,0.2113,-6.9697
2024-03-06,21560,21710,21220,21270,5296529,1,-0.6025,-7.5722
2024-03-07,21320,21320,21120,21220,5708770,1,-1.8867,-9.4589
2024-03-08,21320,21370,20930,20930,7432906,1,-2.845,-12.3039
2024-03-11,20930,21030,20690,20690,3388780,1,-1.4271,-13.731
2024-03-12,20780,20780,20590,20690,3516583,1,-1.0052,-14.7362
2024-03-13,20880,21460,20640,21410,4028859,1,0.9092,-13.827
2024-03-14,21510,21510,20980,21080,3861291,1,-1.3333,-15.1603
2024-03-15,21220,21950,21080,21850,8529132,1,2.4043,-12.756
2024-03-18,22090,22090,21120,21610,6286039,1,-1.0928,-13.8488
2024-03-19,21610,21710,21270,21460,3976219,1,-1.8381,-15.6869
2024-03-20,21710,22920,21370,22920,27164537,1,9.985,-5.7019
2024-03-21,23210,23700,22970,23600,10269547,1,3.3843,-2.3176
2024-03-22,23600,23940,23110,23500,9231521,1,-2.1893,-4.5069
2024-03-25,23450,24040,22970,23260,7517819,1,-0.5671,-5.074
2024-03-26,23210,23700,23160,23650,5058696,1,0.8619,-4.2121
2024-03-27,23650,23650,23260,23500,5553488,1,-1.04,-5.2521
2024-03-28,23790,24040,23260,23550,8015399,1,-0.8937,-6.1458
2024-03-29,23550,24280,23310,23890,6182733,1,1.7919,-4.3539
2024-04-01,23700,23890,23260,23600,5856500,1,-0.8922,-5.2461
2024-04-02,23360,23600,22870,23410,11614642,1,-2.2856,-7.5317
2024-04-03,23410,23410,22820,22870,8774197,1,-4.1838,-11.7155
2024-04-04,22870,23020,22530,22530,7721306,1,-1.2145,-12.93
2024-04-05,22240,22390,21950,22050,7372929,1,-1.0487,-13.9787
2024-04-08,22050,22190,21900,22050,8402870,1,0.5876,-13.3911
2024-04-09,22050,22430,22000,22390,5834346,1,2.2171,-11.174
2024-04-10,22580,22580,22240,22240,6596477,1,-0.6157,-11.7897
2024-04-11,22140,22240,21950,22240,4587029,1,0.8588,-10.9309
2024-04-12,22430,22920,22190,22920,9059475,1,4.048,-6.8829
2024-04-15,22920,23110,21800,21850,11383671,1,-3.0793,-9.9622
2024-04-16,21950,22340,21370,21900,9412942,1,-1.3861,-11.3483
2024-04-17,22300,22350,21500,21500,7522195,1,-0.1989,-11.5472
2024-04-19,21000,21500,20950,21100,8954253,1,-1.0797,-12.6269
2024-04-22,21150,21400,21100,21200,5871976,1,1.4023,-11.2246
2024-04-23,21200,21550,20800,21000,6479202,1,-1.0968,-12.3214
2024-04-25,21400,21500,21050,21150,3794531,1,-0.609,-12.9304
2024-04-26,20900,21300,20900,21100,2907977,1,-0.3281,-13.2585
2024-05-02,21050,21450,21000,21400,3170514,1,0.9078,-12.3507
2024-05-03,21500,21750,21200,21200,5628483,1,-1.3391,-13.6898
2024-05-06,21400,21750,21350,21700,4442038,1,1.0268,-12.663
2024-05-07,21850,21900,21550,21700,2610292,1,-0.1657,-12.8287
2024-05-08,21500,21650,21350,21550,4436309,1,-0.9285,-13.7572
2024-05-09,21600,21750,21400,21600,3080892,1,-0.0826,-13.8398
2024-05-10,21600,21600,21450,21550,2715231,1,-0.7927,-14.6325
2024-05-13,21550,21650,21300,21350,3637630,1,-1.3795,-16.012
2024-05-14,21600,22200,21400,21750,6940789,1,0.1524,-15.8596
2024-05-15,22050,22050,21750,21850,3363024,1,0.0698,-15.7898
2024-05-16,22200,22350,22100,22300,9178823,1,1.2345,-14.5553
2024-05-17,22300,22400,22200,22300,4330086,1,-1.4635,-16.0188
2024-05-20,22600,22650,22400,22500,7441863,1,0.6251,-15.3937
2024-05-21,22650,22650,22200,22600,7290110,1,-1.875,-17.2687
2024-05-22,22600,22750,22200,22200,6627255,1,-2.8922,-20.1609
2024-05-23,22100,22250,22000,22250,3622505,1,-0.5823,-20.7432
2024-05-24,22000,22700,21800,22000,14937705,1,0.0464,-20.6968
2024-05-27,22050,22150,21850,22000,3450945,1,-0.6384,-21.3352
2024-05-28,22300,22300,22000,22300,4020869,1,-0.6923,-22.0275
2024-05-29,22350,22450,21900,21900,5540831,1,-2.3138,-24.3413
2024-05-30,21850,22000,21600,22000,5834294,1,-1.8643,-26.2056
2024-05-31,22000,22000,21750,21750,3129849,1,-1.2142,-27.4198
2024-06-03,21850,22450,21850,22300,4753030,1,1.2785,-26.1413
2024-06-04,22400,22500,22250,22400,3478074,1,-1.1022,-27.2435
2024-06-05,22500,22800,22400,22400,7854184,1,0.2574,-26.9861
2024-06-06,22600,22600,22300,22400,3669837,1,-0.6954,-27.6815
2024-06-07,22600,22650,22300,22400,2832652,1,-1.1117,-28.7932
2024-06-10,22400,22550,22200,22550,5271956,1,-1.1084,-29.9016
2024-06-11,22600,23150,22600,22900,8509121,1,0.6276,-29.274
2024-06-12,22850,23000,22650,22950,5258092,1,0.6573,-28.6167
2024-06-13,23000,23100,22800,22900,7717944,1,0.6133,-28.0034
2024-06-14,23050,23050,22500,22500,6672607,1,-1.8174,-29.8208
2024-06-17,22400,22500,22050,22050,7550062,1,-3.3547,-33.1755
2024-06-18,22150,22300,22050,22050,3477470,1,-0.1057,-33.2812
2024-06-19,22250,22250,21900,22000,4361439,1,-0.939,-34.2202
2024-06-20,22000,22100,21850,22000,3564164,1,0.1395,-34.0807
2024-06-21,22000,22000,21800,21800,3605388,1,-1.309,-35.3897
2024-06-24,21700,21800,21300,21300,7874108,1,-2.5087,-37.8984
2024-06-25,21500,21500,21150,21300,3239370,1,-0.9335,-38.8319
2024-06-26,21350,21450,21150,21250,2588768,1,-0.3599,-39.1918
2024-06-27,21200,21350,21100,21150,3009962,1,-0.8033,-39.9951
2024-06-28,21250,21250,21000,21000,2781853,1,-1.0415,-41.0366
2024-07-01,20900,21200,20900,21200,2131352,1,0.1312,-40.9054
2024-07-02,21200,21500,21200,21400,2317948,1,-0.0979,-41.0033
2024-07-03,21450,21500,21300,21350,2536017,1,-1.0007,-42.004
2024-07-04,21300,21500,21150,21250,2952073,1,0.6556,-41.3484
2024-07-05,21250,21250,21000,21200,2939858,1,-0.4901,-41.8385
2024-07-08,21200,21400,21150,21300,2199071,1,0.1891,-41.6494
2024-07-09,21350,21500,21250,21400,4019428,1,0.7284,-40.921
2024-07-10,21450,21650,21350,21350,3294096,1,0.4603,-40.4607
2024-07-11,21500,21550,21300,21300,2655848,1,-0.9124,-41.3731
2024-07-12,21300,21450,21250,21300,1454060,1,-0.1286,-41.5017
2024-07-15,21350,21450,21200,21300,1466570,1,-0.3385,-41.8402
2024-07-16,21300,21650,21300,21300,3174712,1,0.5149,-41.3253
2024-07-17,21450,22200,21400,21600,8684102,1,1.248,-40.0773
2024-07-18,21650,21850,21450,21550,3565621,1,-0.8605,-40.9378
2024-07-19,21550,21850,21400,21450,4830068,1,-1.8838,-42.8216
2024-07-22,21450,21800,21250,21350,5099928,1,-1.4342,-44.2558
2024-07-23,21450,21500,21100,21100,3949529,1,-1.6384,-45.8942
2024-07-24,21100,21200,20850,21000,3428367,1,-0.3648,-46.259
2024-07-25,21000,21050,20800,20800,2791294,1,-1.0653,-47.3243
2024-07-26,20900,21000,20800,20900,1464000,1,-0.0348,-47.3591
2024-07-29,21000,21100,20900,20900,1868900,1,-0.3817,-47.7408
2024-07-30,20950,20950,20500,20600,3730100,1,-1.8179,-49.5587
2024-07-31,20600,21200,20550,21200,5398700,1,1.1121,-48.4466
2024-08-01,21300,21350,20650,20700,4218000,1,0.0249,-48.4217
2024-08-02,20600,21100,20450,21100,4311300,1,0.3757,-48.046
2024-08-05,20700,20900,20200,20250,6979100,1,-1.8107,-49.8567
2024-08-06,20550,20800,20350,20800,2711600,1,0.7535,-49.1032
2024-08-07,20900,20900,20500,20650,1515700,1,-0.2905,-49.3937
2024-08-08,20550,21000,20550,20650,2588800,1,-0.0815,-49.4752
2024-08-09,20850,20900,20700,20900,2128400,1,-0.1026,-49.5778
2024-08-12,20850,20900,20650,20800,2392000,1,-0.0266,-49.6044
