t,o,h,l,c,v,pot,pot_ask,pot_bid
2024-02-15,66730,67130,66340,66730,3880447,1,-0.8918,-0.8918
2024-02-16,66930,69400,66640,69100,11120422,1,2.1946,1.3028
2024-02-19,69990,71670,69800,70980,6660129,1,0.617,1.9198
2024-02-20,70780,71470,70390,70580,4390643,1,-0.2699,1.6499
2024-02-21,70580,70980,70090,70390,3593123,1,-0.9753,0.6746
2024-02-22,70390,71770,70190,70680,4652126,1,-0.0656,0.609
2024-02-23,70880,71770,70090,70090,6146121,1,-0.6254,-0.0164
2024-02-26,70090,70780,69800,70090,3050150,1,-0.2725,-0.2889
2024-02-27,70290,71470,70190,71080,5285311,1,-0.2288,-0.5177
2024-02-28,71470,71670,70580,71280,3422219,1,-0.8201,-1.3378
2024-02-29,71670,72360,70680,71080,6543917,1,-0.7806,-2.1184
2024-03-01,71180,71180,70290,70580,4399953,1,-1.4034,-3.5218
2024-03-04,70880,71770,70680,71080,5018814,1,-0.6609,-4.1827
2024-03-05,71080,72070,70780,72070,5443242,1,0.2019,-3.9808
2024-03-06,72360,72560,70880,70880,4837251,1,-0.3887,-4.3695
2024-03-07,70780,71180,70390,71080,5070038,1,0.5399,-3.8296
2024-03-08,71180,71970,69100,69100,7364624,1,-2.6176,-6.4472
2024-03-11,69600,70390,69100,69400,4214115,1,-0.3289,-6.7761
2024-03-12,69500,69700,69100,69100,3847561,1,-0.6986,-7.4747
2024-03-13,69200,69990,69100,69890,5648587,1,-0.575,-8.0497
2024-03-14,70090,70390,69400,69600,5449322,1,-1.0426,-9.0923
2024-03-15,70100,70100,68700,68800,4857330,1,-1.1654,-10.2577
2024-03-18,68800,69100,67600,67900,6803665,1,-1.7031,-11.9608
2024-03-19,68500,68500,67800,67800,3166304,1,-0.6725,-12.6333
2024-03-20,67800,68600,67500,68000,3551272,1,-0.3777,-13.011
2024-03-21,68200,68500,67900,68400,4910550,1,-0.3641,-13.3751
2024-03-22,68600,68700,67800,67800,6070254,1,-2.6038,-15.9789
2024-03-25,67900,68200,67100,67300,5459681,1,-1.9205,-17.8994
2024-03-26,67400,67900,67300,67700,2507194,1,-0.3191,-18.2185
2024-03-27,68000,68000,67500,67700,2639932,1,-0.3576,-18.5761
2024-03-28,67700,68400,67600,67700,4474441,1,0.2431,-18.333
2024-03-29,68400,68400,67500,67600,3487674,1,-1.1001,-19.4331
2024-04-01,67600,67700,67000,67000,4996398,1,-1.5991,-21.0322
2024-04-02,67000,67400,66700,67300,4325527,1,0.5543,-20.4779
2024-04-03,67300,67300,66700,66700,5054063,1,-1.5872,-22.0651
2024-04-04,66700,68400,66700,68200,7477825,1,0.7721,-21.293
2024-04-05,68200,68200,67700,67900,4237214,1,-0.4123,-21.7053
2024-04-08,68000,68000,66900,67000,3671802,1,-1.0797,-22.785
2024-04-09,67100,67300,66800,67000,2518780,1,0.2893,-22.4957
2024-04-10,67100,67300,66800,66800,2767420,1,-0.3583,-22.854
2024-04-11,66700,66900,66500,66600,2950689,1,0.2839,-22.5701
2024-04-12,66800,67100,66600,66700,2511089,1,-0.1348,-22.7049
2024-04-15,66700,66700,64900,64900,5766677,1,-1.6835,-24.3884
2024-04-16,64900,65000,63000,64000,7137771,1,-1.5197,-25.9081
2024-04-17,64400,64900,64200,64200,4593232,1,-0.4651,-26.3732
2024-04-19,64200,64400,63300,64200,4521513,1,-0.9456,-27.3188
2024-04-22,64700,65300,64000,64000,2038048,1,-0.4181,-27.7369
2024-04-23,64200,64300,63200,63500,2020719,1,-0.9478,-28.6847
2024-04-25,64000,64800,63900,64700,1918445,1,0.2589,-28.4258
2024-04-26,64700,65800,64500,65000,2944790,1,0.3804,-28.0454
2024-05-02,65400,65500,64900,65400,2566088,1,-0.1454,-28.1908
2024-05-03,65600,66000,65500,65600,1969178,1,-0.0247,-28.2155
2024-05-06,65800,66400,65500,65800,2264163,1,0.1624,-28.0531
2024-05-07,66000,68500,65900,68000,8490375,1,2.2982,-25.7549
2024-05-08,68000,68000,67100,67900,2967447,1,-0.2553,-26.0102
2024-05-09,67900,67900,66600,66600,3001858,1,-0.5448,-26.555
2024-05-10,66700,67500,66100,66500,2422429,1,-0.3508,-26.9058
2024-05-13,66600,66800,65400,65800,2737626,1,-1.0519,-27.9577
2024-05-14,65900,67000,65900,66500,2435304,1,-0.0421,-27.9998
2024-05-15,66900,67300,66700,67000,3237247,1,0.1689,-27.8309
2024-05-16,67100,67700,67000,67200,2914420,1,0.0714,-27.7595
2024-05-17,67300,67800,66800,67000,4173675,1,-0.8666,-28.6261
2024-05-20,67100,67600,66400,66400,4925028,1,-2.0455,-30.6716
2024-05-21,66400,66600,65800,66200,3803505,1,-1.7918,-32.4634
2024-05-22,66400,66700,65800,65800,3621204,1,-1.1669,-33.6303
2024-05-23,66000,67000,65800,67000,2993637,1,0.7014,-32.9289
2024-05-24,66700,66900,65700,66000,4109865,1,-1.4769,-34.4058
2024-05-27,66100,66600,65800,66100,2339390,1,-0.6248,-35.0306
2024-05-28,66300,67300,66100,66800,5350287,1,0.3096,-34.721
2024-05-29,67000,67300,66000,66300,3362126,1,-1.2671,-35.9881
2024-05-30,66100,66200,65500,65700,4416677,1,-1.9594,-37.9475
2024-05-31,65900,65900,65300,65400,4149784,1,-2.0243,-39.9718
2024-06-03,65800,66600,65700,66100,3193327,1,0.0341,-39.9377
2024-06-04,66100,66600,66000,66000,2447656,1,-0.3316,-40.2693
2024-06-05,66200,69200,66200,68500,11876432,1,4.1333,-36.136
2024-06-06,69000,69000,67200,67200,4893549,1,-1.4599,-37.5959
2024-06-07,67600,68600,67500,67800,4131178,1,0.2277,-37.3682
2024-06-10,68400,68500,67200,67200,4569222,1,-1.3626,-38.7308
2024-06-11,67400,67500,66400,66500,6181560,1,-1.8905,-40.6213
2024-06-12,66500,67300,66300,67000,3427814,1,-0.6228,-41.2441
2024-06-13,67000,67400,66800,66900,2807130,1,0.0837,-41.1604
2024-06-14,67000,67300,66200,66200,4127632,1,-0.9067,-42.0671
2024-06-17,66300,66600,66000,66000,3621867,1,-0.9337,-43.0008
2024-06-18,66500,66500,65900,65900,2754686,1,-1.2305,-44.2313
2024-06-19,66000,66000,65099,65300,6160999,1,-2.285,-46.5163
2024-06-20,65400,66800,65200,66000,4400155,1,0.5997,-45.9166
2024-06-21,66500,67100,66000,66000,3970969,1,-0.211,-46.1276
2024-06-24,66100,66600,65300,65500,3851919,1,-1.1501,-47.2777
2024-06-25,65800,66200,65500,65500,2436399,1,-0.232,-47.5097
2024-06-26,65800,65800,65099,65200,2488180,1,-0.8153,-48.325
2024-06-27,65200,65600,65099,65300,2710114,1,0.1749,-48.1501
2024-06-28,65500,66000,65300,65500,2735071,1,-0.0911,-48.2412
2024-07-01,65800,66000,65300,66000,1911478,1,0.3269,-47.9143
2024-07-02,66000,66300,65800,66200,2044987,1,-0.1457,-48.06
2024-07-03,66200,66300,66000,66200,1334249,1,-0.1678,-48.2278
2024-07-04,66300,66900,66300,66400,2691198,1,0.4116,-47.8162
2024-07-05,66400,67500,66400,67200,4183952,1,1.348,-46.4682
2024-07-08,67300,67700,67000,67600,4946406,1,-0.8649,-47.3331
2024-07-09,67600,67800,67200,67500,5048980,1,-1.419,-48.7521
2024-07-10,67500,67800,66800,66800,3884733,1,-1.7096,-50.4617
2024-07-11,66900,67000,66300,66300,3789635,1,-1.2593,-51.721
2024-07-12,66400,66600,66100,66300,2081812,1,-0.7048,-52.4258
2024-07-15,66300,66900,66200,66200,2157757,1,-0.4591,-52.8849
2024-07-16,66400,66700,66100,66100,2245463,1,-0.3478,-53.2327
2024-07-17,66200,66500,65600,65700,3468308,1,-1.8409,-55.0736
2024-07-18,66000,66000,65500,65900,2284658,1,-0.4835,-55.5571
2024-07-19,65900,65900,65099,65300,3396038,1,-1.6635,-57.2206
2024-07-22,65300,66000,65200,65400,2657788,1,-0.1256,-57.3462
2024-07-23,65600,66300,65500,65900,3780379,1,-0.2405,-57.5867
2024-07-24,65800,66100,65600,65600,3615591,1,0.3309,-57.2558
2024-07-25,65600,65700,65300,65600,1958885,1,-0.4093,-57.6651
2024-07-26,65400,66200,65400,65800,2975400,1,-0.2668,-57.9319
2024-07-29,66200,67600,65900,67200,5781800,1,1.6135,-56.3184
2024-07-30,67300,68400,66900,67700,6375600,1,1.9193,-54.3991
2024-07-31,68500,72000,68500,71600,21144900,1,8.7892,-45.6099
2024-08-01,71800,71900,70100,70300,8865800,1,-1.6146,-47.2245
2024-08-02,70000,71900,70000,71500,10290200,1,1.9943,-45.2302
2024-08-05,71000,71200,68500,69400,12155500,1,-1.6733,-46.9035
2024-08-06,70300,73300,70000,72700,13496200,1,2.9669,-43.9366
2024-08-07,73200,73800,72400,73800,10700700,1,2.6673,-41.2693
2024-08-08,73900,74400,72200,72700,5811000,1,-1.4082,-42.6775
2024-08-09,72800,73400,72500,73300,4527500,1,-0.7393,-43.4168
2024-08-12,73300,74400,72800,73000,5804000,1,-1.4916,-44.9084
