t,o,h,l,c,v,pot,pot_ask,pot_bid
2024-02-15,12600,12600,12000,12050,1766895,1,-0.4061,-0.4061
2024-02-16,12050,12350,11950,12200,1309721,1,-0.0639,-0.47
2024-02-19,12200,12450,12050,12050,1789537,1,-0.3296,-0.7996
2024-02-20,12150,12150,11900,12100,1770903,1,-0.5687,-1.3683
2024-02-21,12100,12300,11950,12050,1028899,1,-0.1298,-1.4981
2024-02-22,12000,12300,11950,12150,2035876,1,0.4573,-1.0408
2024-02-23,12150,12350,11800,11850,2408359,1,-0.5892,-1.63
2024-02-26,11850,12300,11750,12200,2518473,1,0.8672,-0.7628
2024-02-27,12300,12300,12000,12050,1424769,1,-0.1527,-0.9155
2024-02-28,12100,12250,11950,12100,1821091,1,-0.4732,-1.3887
2024-02-29,12150,12200,11850,11900,1707926,1,-0.4159,-1.8046
2024-03-01,11900,12150,11850,12100,1333046,1,0.0816,-1.723
2024-03-04,12150,12600,12150,12500,3783371,1,0.4462,-1.2768
2024-03-05,12500,12600,12300,12500,1339992,1,-0.1136,-1.3904
2024-03-06,12650,12650,12100,12100,2023010,1,-0.9401,-2.3305
2024-03-07,12100,12150,11950,12100,2157923,1,-0.3989,-2.7294
2024-03-08,12200,12200,11800,11850,1945387,1,-0.409,-3.1384
2024-03-11,11850,12050,11650,11700,1692865,1,-0.4706,-3.609
2024-03-12,11650,12050,11600,11850,1933632,1,0.0731,-3.5359
2024-03-13,11950,12000,11800,11900,1325064,1,-0.2316,-3.7675
2024-03-14,11850,12450,11850,12200,4481376,1,0.3296,-3.4379
2024-03-15,12300,12300,12000,12000,1377544,1,-0.3728,-3.8107
2024-03-18,12050,12100,11450,11600,3110061,1,-1.2597,-5.0704
2024-03-19,11750,11750,11550,11600,1243697,1,0.182,-4.8884
2024-03-20,11700,11700,11550,11700,1108188,1,0.132,-4.7564
2024-03-21,11750,12000,11750,11900,1365300,1,-0.1121,-4.8685
2024-03-22,12000,12000,11800,11850,1505705,1,-0.283,-5.1515
2024-03-25,11800,12000,11700,11750,1414923,1,-0.5486,-5.7001
2024-03-26,11750,11950,11650,11900,913162,1,0.1114,-5.5887
2024-03-27,11900,12400,11850,12350,3634952,1,1.4602,-4.1285
2024-03-28,12400,12450,12100,12200,1565197,1,-0.517,-4.6455
2024-03-29,12100,12250,11900,11900,1376657,1,-0.5849,-5.2304
2024-04-01,11800,12050,11800,11850,1316226,1,-0.2365,-5.4669
2024-04-02,11850,12000,11750,12000,1060391,1,0.0653,-5.4016
2024-04-03,12000,12400,11950,12000,3574734,1,-0.4161,-5.8177
2024-04-04,12000,12050,11800,11900,1393890,1,-0.7803,-6.598
2024-04-05,11750,11900,11650,11650,1425838,1,-0.5745,-7.1725
2024-04-08,11650,11800,11450,11450,1793138,1,-0.974,-8.1465
2024-04-09,11600,11600,11300,11600,990823,1,-0.2639,-8.4104
2024-04-10,11550,11700,11400,11400,780696,1,-0.3688,-8.7792
2024-04-11,11300,11400,11150,11300,1471895,1,-0.6165,-9.3957
2024-04-12,11300,11550,11300,11550,701898,1,-0.0816,-9.4773
2024-04-15,11600,11600,10750,10750,1501653,1,-0.707,-10.1843
2024-04-16,10700,10800,10050,10400,1769791,1,-0.4841,-10.6684
2024-04-17,10500,10650,10200,10200,536012,1,-0.1759,-10.8443
2024-04-19,10150,10200,9810,9900,1682416,1,-0.5015,-11.3458
2024-04-22,10000,10150,9960,10050,795385,1,-0.0051,-11.3509
2024-04-23,10050,10100,9900,9950,672680,1,-0.3027,-11.6536
2024-04-25,10400,10450,10200,10350,475734,1,-0.0392,-11.6928
2024-04-26,10200,10700,10200,10600,1015269,1,0.3503,-11.3425
2024-05-02,10600,10650,10450,10550,364474,1,-0.0671,-11.4096
2024-05-03,10600,10750,10550,10650,765938,1,-0.1427,-11.5523
2024-05-06,10700,11100,10700,11100,1548700,1,0.4508,-11.1015
2024-05-07,11100,11250,11050,11150,1004175,1,-0.1382,-11.2397
2024-05-08,11200,11900,11000,11900,5996613,1,0.9438,-10.2959
2024-05-09,12000,12700,11950,12700,6291411,1,1.7344,-8.5615
2024-05-10,13050,13250,12750,12900,4399426,1,0.4214,-8.1401
2024-05-13,13050,13800,12950,13800,8488448,1,2.219,-5.9211
2024-05-14,14200,14200,13550,14000,2863056,1,0.0129,-5.9082
2024-05-15,14000,14950,13850,14950,6212454,1,-0.2702,-6.1784
2024-05-16,15300,15750,15000,15100,4080512,1,-0.5839,-6.7623
2024-05-17,15200,15450,14650,15100,4001155,1,-0.8035,-7.5658
2024-05-20,15150,15550,15000,15300,3062382,1,-0.0847,-7.6505
2024-05-21,15300,16350,15050,16350,5585269,1,1.9779,-5.6726
2024-05-22,16850,17200,16200,16400,3633052,1,-0.4883,-6.1609
2024-05-23,16200,16600,15800,16000,4086755,1,-1.2394,-7.4003
2024-05-24,15900,16700,15300,15950,5120328,1,-1.0572,-8.4575
2024-05-27,15950,16900,15950,16100,3257576,1,-0.787,-9.2445
2024-05-28,16500,16800,16250,16500,2565972,1,0.0384,-9.2061
2024-05-29,16800,17650,16500,17150,6410302,1,1.6563,-7.5498
2024-05-30,16500,17000,16100,16950,4848874,1,-0.667,-8.2168
2024-05-31,16900,16900,15800,15800,5180245,1,-1.6111,-9.8279
2024-06-03,16100,16900,16000,16850,5202476,1,0.1159,-9.712
2024-06-04,17000,17000,16650,16800,2413004,1,-0.321,-10.033
2024-06-05,17000,17300,16550,16600,2487111,1,-0.7422,-10.7752
2024-06-06,17000,17750,16650,17600,6973604,1,0.4838,-10.2914
2024-06-07,17900,18450,17400,17950,3231885,1,0.4399,-9.8515
2024-06-10,18600,19200,18300,19200,6524675,1,1.6457,-8.2058
2024-06-11,19900,20350,19350,20350,5592083,1,-0.2683,-8.4741
2024-06-12,20500,20550,19600,20100,3867865,1,-0.2248,-8.6989
2024-06-13,20500,20500,19600,19700,3374598,1,-0.2815,-8.9804
2024-06-14,19700,20300,18350,18350,5597700,1,-0.3182,-9.2986
2024-06-17,19400,19600,18550,19550,6237658,1,0.1222,-9.1764
2024-06-18,19900,19900,19300,19300,2625116,1,-0.8769,-10.0533
2024-06-19,19600,19700,18300,18900,4642002,1,-1.1833,-11.2366
2024-06-20,18900,19500,17800,18900,5156247,1,-1.602,-12.8386
2024-06-21,18950,19350,18600,19050,2764230,1,-0.0633,-12.9019
2024-06-24,19400,19800,18100,18500,5620645,1,-1.0047,-13.9066
2024-06-25,18600,19650,18200,19350,5946646,1,1.7941,-12.1125
2024-06-26,19500,19900,18800,19350,2829290,1,-0.2982,-12.4107
2024-06-27,19300,19300,18600,18700,2812938,1,-0.7037,-13.1144
2024-06-28,18950,19350,18400,18750,4789465,1,-0.7986,-13.913
2024-07-01,19200,19200,18000,18500,3530700,1,-0.9745,-14.8875
2024-07-02,18500,18850,18200,18400,2268969,1,-0.4834,-15.3709
2024-07-03,18650,19400,18500,19100,6103975,1,1.1853,-14.1856
2024-07-04,19200,19400,18850,19200,2343048,1,-0.6977,-14.8833
2024-07-05,19400,20500,19350,20500,11108981,1,4.164,-10.7193
2024-07-09,22500,22500,21000,21850,6023870,1,-0.3383,-11.0576
2024-07-10,21650,22100,21000,21200,7038004,1,-2.392,-13.4496
2024-07-11,21500,21650,20600,21000,4056842,1,-0.9508,-14.4004
2024-07-12,21200,21500,20550,20900,2858687,1,-0.836,-15.2364
2024-07-15,20900,21200,20650,21200,2512921,1,-0.0839,-15.3203
2024-07-16,21250,21350,19750,20000,6048759,1,-2.4103,-17.7306
2024-07-17,19800,19800,18600,18600,12576451,1,-2.5413,-20.2719
2024-07-18,18300,19000,17500,18950,6185165,1,0.3234,-19.9485
2024-07-19,19000,19000,17800,17800,3223131,1,-1.1779,-21.1264
2024-07-22,17500,17700,16600,16650,5257623,1,-1.4998,-22.6262
2024-07-23,16800,17650,16800,16900,4103633,1,-0.2808,-22.907
2024-07-24,16900,17550,16900,17350,2869969,1,-0.0108,-22.9178
2024-07-25,17350,17500,17100,17350,2106361,1,-0.487,-23.4048
2024-07-26,17400,17450,17100,17350,1742600,1,-0.3667,-23.7715
2024-07-29,17450,18000,17400,17900,2951800,1,0.253,-23.5185
2024-07-30,17900,18450,17450,17750,3529300,1,-1.2274,-24.7459
2024-07-31,17750,17800,16800,17100,2462300,1,-0.9636,-25.7095
2024-08-01,17100,17150,15950,15950,6195900,1,-2.2089,-27.9184
2024-08-02,15000,16450,15000,16300,2825000,1,0.4119,-27.5065
2024-08-05,15950,16000,15200,15200,3005800,1,-0.9075,-28.414
2024-08-06,15300,15350,14450,15350,3960200,1,-0.0402,-28.4542
2024-08-07,15350,15400,14850,15100,1507600,1,-0.329,-28.7832
2024-08-08,14900,15850,14900,15250,3684300,1,-0.2221,-29.0053
2024-08-09,15800,15800,15350,15500,1737200,1,0.0041,-29.0012
2024-08-12,15500,16550,15400,16550,5812400,1,1.441,-27.5602
